1 1 0 95.95236 67.85103
2 1 3 334.9276 59.41084
3 0 2 359.6741 87.10269
4 3 4 63.64943 26.80947
5 2 5 137.5804 52.43892
6 4 6 56.74657 49.68253
7 5 7 314.7413 93.76151
8 6 8 305.4734 90.15473
9 6 9 377.394 14.8603
10 7 11 487.5417 98.43027
11 8 10 421.7937 17.34803
12 9 21 499.8841 2.348597
13 11 37 227.2136 39.52187
14 10 12 52.11665 8.347162
15 10 13 64.94166 57.94031
16 21 27 35.26537 3.842197
17 37 50 103.3687 15.34983
18 12 14 14.76989 10.76325
19 12 16 62.58961 18.75609
20 13 17 54.94424 50.19327
21 27 33 42.49715 51.24967
22 50 59 193.0317 83.90746
23 50 54 55.40317 48.63195
24 14 18 64.93002 31.09756
25 14 15 30.77428 90.85716
26 16 20 35.13306 82.03542
27 17 24 53.43404 26.49131
28 33 66 421.8274 50.97382
29 59 63 44.67945 96.83147
30 59 61 28.19517 15.38076
31 54 56 58.92032 20.97186
32 18 23 44.41555 26.48754
33 15 19 33.15651 93.04622
34 20 25 30.31359 64.83701
35 20 31 78.0427 28.54179
36 24 28 13.29194 70.13466
37 24 40 92.25298 83.52671
38 66 78 279.7685 70.82941
39 66 82 303.4385 47.89164
40 66 74 193.4698 19.76802
41 61 64 34.87333 57.20436
42 56 58 67.19859 25.76914
43 23 26 13.35655 30.47198
44 19 22 28.92946 67.13248
45 19 30 69.35722 43.01796
46 25 32 38.61189 25.09185
47 25 38 82.86368 49.58067
48 28 43 93.03291 42.31858
49 28 35 42.54887 23.75902
50 40 42 7.769544 38.64791
51 78 828 1426.648 40.2762
52 82 713 499.8895 36.7109
53 74 80 91.42865 7.521493
54 74 92 191.2862 96.52437
55 74 96 204.4766 74.80592
56 64 67 52.78945 60.15328
57 58 62 50.20322 20.94169
58 22 29 29.93743 59.14286
59 22 36 72.04202 70.58965
60 32 44 80.96897 82.0742
61 43 52 99.28497 92.7541
62 35 47 76.03954 81.69052
63 35 34 20.84864 69.28317
64 42 45 20.08478 61.70245
65 713 711 603.4547 15.73865
66 80 89 78.44202 47.89206
67 92 104 41.573 92.65843
68 96 105 28.83717 80.52963
69 67 77 264.3065 94.51064
70 62 65 41.86176 96.51782
71 29 41 78.47091 56.90432
72 52 51 18.40349 89.52362
73 47 49 32.99702 20.74593
74 34 39 35.91173 89.13466
75 711 710 205.0511 91.23508
76 711 712 418.5076 50.21939
77 89 110 99.70904 93.46271
78 104 2685 71.08021 90.62573
79 105 108 32.1415 78.05215
80 105 2549 267.1841 75.96404
81 77 85 69.22788 89.46207
82 65 69 111.1441 46.50178
83 65 68 108.4728 10.72856
84 41 46 36.93969 37.65489
85 51 53 14.20739 42.01638
86 49 48 45.84811 91.30672
87 710 631 372.6714 96.23745
88 712 714 325.9999 10.52674
89 110 2501 65.03371 62.38015
90 2685 2686 163.0856 10.29644
91 108 2641 41.94064 85.72694
92 108 112 15.19373 90.37614
93 2549 2546 78.55744 69.17804
94 85 102 72.53455 51.78492
95 85 91 37.7565 49.15702
96 85 2567 257.6248 2.438769
97 69 70 28.25495 21.53048
98 68 72 85.66228 67.45209
99 68 83 222.2538 19.32786
100 53 55 55.60306 84.09375
101 631 593 446.0118 83.16974
102 714 731 308.5648 84.71362
103 714 720 204.9813 98.72605
104 714 715 92.87434 57.64039
105 2501 2505 90.18662 67.85012
106 2501 2502 56.92631 13.4596
107 2501 2503 75.273 92.87613
108 2686 2689 123.4111 7.854693
109 2686 2687 96.99303 59.46721
110 2641 2642 5.031873 72.63149
111 112 115 10.9072 30.58692
112 2546 2544 31.41139 26.01857
113 102 109 43.23026 29.07534
114 91 99 29.34832 36.50922
115 2567 2559 97.98242 51.2973
116 70 71 32.01336 18.79542
117 72 76 76.89791 69.05814
118 83 98 101.0774 2.374619
119 83 88 50.10526 48.30176
120 55 57 81.43188 18.67952
121 593 592 374.5023 74.1852
122 593 594 83.15216 60.71529
123 593 595 133.2278 79.83064
124 731 803 279.8048 7.439168
125 720 724 44.45832 36.27942
126 720 726 68.19847 15.07943
127 715 719 100.7973 69.05143
128 715 716 5.617048 51.80724
129 2505 2506 22.08338 34.01828
130 2502 2504 25.08792 87.35946
131 2503 2507 50.07515 5.319468
132 2689 2694 195.2088 97.23084
133 2687 2688 22.93614 85.23796
134 2642 2644 25.16138 30.56491
135 2642 2643 19.86446 7.235689
136 115 2648 11.43061 14.83621
137 2544 2541 59.40138 9.425763
138 109 2565 86.79768 15.84637
139 99 5979 111.9726 3.816425
140 99 5984 84.96698 16.30496
141 2559 2550 142.9984 95.37648
142 71 73 41.1488 18.64705
143 76 81 51.71545 37.04198
144 98 114 69.99536 38.70259
145 88 90 22.48868 37.54962
146 88 94 32.66413 36.12705
147 57 60 26.00427 20.13476
148 592 309 277.7162 3.892564
149 594 596 57.72702 71.46529
150 594 610 203.3541 80.31269
151 595 597 31.28697 86.57493
152 803 831 345.6152 73.14268
153 724 738 95.03134 65.89431
154 724 727 26.1136 79.85413
155 726 733 43.98454 30.65871
156 719 728 86.23334 49.78026
157 716 717 85.08455 5.976821
158 2506 2508 15.97559 69.14239
159 2504 2511 108.5068 23.81697
160 2504 2509 63.85382 1.729865
161 2507 2510 62.9757 21.7057
162 2507 2515 207.7265 38.41521
163 2694 1510 180.7341 26.93075
164 2688 2690 57.3834 19.57864
165 2644 2646 11.46826 15.24369
166 2644 2647 14.28267 43.95178
167 2643 2645 14.54245 72.6851
168 2541 2539 65.71245 60.75843
169 2565 2555 121.3273 59.47618
170 5979 5981 32.40905 18.34063
171 5979 5975 73.38676 48.7965
172 5984 5985 58.41536 96.81047
173 2550 2548 43.70749 46.83597
174 2550 2553 99.80738 5.216897
175 73 75 35.79009 81.62394
176 81 84 43.92187 1.874529
177 90 100 32.98707 81.23077
178 94 107 68.14069 5.679821
179 94 97 16.80917 56.94783
180 309 270 128.9876 25.49673
181 596 598 25.73938 90.48156
182 596 599 61.43935 42.78309
183 610 611 11.42322 73.09286
184 610 619 84.35081 36.48759
185 597 621 216.1685 21.48975
186 597 601 65.94978 56.08297
187 597 604 82.25699 8.293761
188 831 829 375.0001 52.3181
189 831 832 43.50445 85.97643
190 831 837 107.2836 36.48106
191 831 836 100.2309 97.56132
192 727 736 61.24926 64.28903
193 733 765 156.5161 27.9146
194 728 729 4.975862 18.60238
195 717 718 7.988805 17.6035
196 2511 2513 74.4197 29.08535
197 2511 2512 53.23603 35.96241
198 2510 2514 88.80643 98.57462
199 2510 2516 154.8399 29.86141
200 2515 2518 31.73116 53.80429
201 2515 2524 131.6607 83.71095
202 1510 1496 86.25291 37.19826
203 2690 2691 87.38455 30.47968
204 2646 2649 14.80562 6.318275
205 2539 2542 108.318 73.65295
206 2539 2538 7.6449 47.36951
207 2555 2552 30.79517 24.59167
208 5981 5982 19.35371 70.41939
209 5981 5980 99.39275 56.74309
210 5975 5971 67.26207 8.639157
211 5985 5976 122.6996 13.0759
212 5985 87 161.782 86.10396
213 2548 2540 180.2128 40.53727
214 2548 2557 163.1073 17.53261
215 2553 2554 3.95976 85.20731
216 2553 2560 88.83633 68.23058
217 75 79 59.45544 83.95026
218 84 93 43.71801 34.17658
219 107 117 36.79156 84.35096
220 107 113 17.51161 30.45862
221 97 106 48.06836 8.379654
222 270 239 349.6546 70.59462
223 270 591 588.6696 27.45093
224 598 600 39.49537 47.2135
225 599 603 36.46268 63.49078
226 599 602 29.6479 63.49157
227 611 663 294.8651 23.05761
228 611 618 68.79481 51.34028
229 619 643 109.6637 78.15025
230 621 627 40.53164 96.82035
231 621 630 64.00824 63.7055
232 601 606 27.1391 85.79462
233 604 608 26.56521 23.86091
234 604 613 72.85069 50.18924
235 829 830 262.9544 75.32815
236 832 834 26.51863 39.71682
237 837 838 25.27791 47.1254
238 837 845 84.2502 19.05639
239 836 846 96.7627 84.39516
240 836 840 49.6678 30.29875
241 736 755 90.67786 97.61429
242 736 740 14.97464 1.635784
243 736 790 217.3685 18.2536
244 765 788 79.33872 20.73169
245 765 774 34.44408 25.03179
246 729 735 39.42387 23.56971
247 729 732 25.61736 60.24318
248 718 721 23.42833 25.18948
249 718 746 196.5442 97.51403
250 2513 2526 211.3687 26.75184
251 2512 2522 211.897 65.19803
252 2514 2521 162.1111 24.61804
253 2516 2517 11.2962 70.15932
254 2524 810 80.71487 46.85214
255 1496 1500 44.7762 49.50327
256 1496 1490 96.47937 72.85639
257 1496 1497 4.755827 32.04892
258 2691 2692 18.79317 63.9574
259 2691 2693 24.60521 30.78642
260 2542 2547 80.55525 7.621584
261 2538 2537 124.5182 28.16395
262 5980 5977 46.73921 16.48079
263 5971 5973 46.03386 37.82591
264 5971 5964 91.09336 23.47806
265 5976 5978 30.18922 96.57481
266 87 103 64.67724 56.14829
267 2540 2543 98.58881 20.16585
268 2540 2536 151.7677 48.36295
269 2557 2563 97.61095 82.64901
270 2557 2566 108.8393 72.58364
271 2554 2574 160.9725 58.24176
272 2554 2562 112.0878 6.835271
273 2560 2572 62.25655 21.97548
274 79 86 68.78996 34.06783
275 93 101 26.0103 6.378549
276 117 5983 84.72348 3.847916
277 113 5962 71.23233 19.45087
278 106 5992 101.5728 59.38647
279 239 238 64.19254 72.69438
280 591 535 499.3578 25.9186
281 603 609 35.9103 2.937615
282 602 605 24.97378 94.18652
283 663 313 147.5235 46.93029
284 663 687 108.669 40.78652
285 618 625 49.84531 45.36912
286 643 655 50.61936 78.13054
287 627 629 19.90337 80.15473
288 627 667 207.1617 43.15796
289 630 644 35.94162 73.65804
290 606 623 128.3966 9.581743
291 608 612 28.98545 13.79846
292 830 833 178.1761 86.3142
293 834 835 29.88857 70.18456
294 838 842 48.46279 28.94751
295 845 894 184.1338 30.67514
296 845 866 98.12234 67.28542
297 846 848 4.174042 45.76398
298 840 844 38.18101 42.39072
299 840 851 76.16427 70.3186
300 755 769 61.79171 19.70856
301 755 805 172.1349 85.7319
302 740 742 15.09751 30.87596
303 788 1415 134.5147 96.70581
304 774 813 118.845 73.52969
305 735 741 40.05399 73.49258
306 732 753 107.7299 93.84717
307 721 737 123.8885 36.41907
308 721 722 5.201172 98.61745
309 746 779 139.125 68.74502
310 2526 2533 70.72598 56.8349
311 2526 2532 32.92651 85.62092
312 2522 2525 12.01987 28.19341
313 2522 2527 16.22468 82.90641
314 2521 2523 17.59027 75.43813
315 2517 2519 62.76485 19.56037
316 2517 2520 79.3605 48.3769
317 810 2619 148.303 4.912687
318 810 2702 102.1883 96.05247
319 1500 1405 168.3263 75.63492
320 1490 1462 279.3223 38.75141
321 1490 1494 58.02735 23.85018
322 1497 1499 28.42025 17.69524
323 2547 2551 109.3351 68.7495
324 2537 2535 78.82035 83.60216
325 5977 5972 99.47542 3.715846
326 5973 5974 5.418854 87.40351
327 5964 5968 50.07931 47.62831
328 5964 5961 51.26287 35.89014
329 103 111 50.50332 98.50214
330 103 5988 136.1808 25.4968
331 2543 2545 27.5812 67.1893
332 2536 2534 110.4779 86.07433
333 2563 2569 114.1642 72.08362
334 2566 2568 13.17159 49.85162
335 2574 2578 58.50491 45.13861
336 2574 2581 74.87463 91.26785
337 2562 2570 32.95211 5.843692
338 2562 2577 107.3796 79.13842
339 86 95 37.755 21.6544
340 101 5430 158.2979 23.94068
341 101 116 80.99867 13.96207
342 5962 5960 27.77585 68.3915
343 238 237 358.9902 95.03182
344 238 242 215.0973 53.26941
345 238 240 114.6712 73.84057
346 535 491 431.2435 31.86043
347 605 607 6.372676 46.79321
348 313 4284 223.5574 68.51375
349 313 304 26.31964 9.852437
350 687 688 17.8322 80.27542
351 625 634 44.27713 83.51476
352 625 626 15.2089 68.7254
353 625 639 49.17675 26.37541
354 655 681 148.9406 42.17095
355 655 676 141.6961 45.86793
356 629 636 21.77357 24.80396
357 629 637 22.67151 24.06538
358 667 701 114.2934 1.896342
359 644 659 108.5371 67.81531
360 644 649 39.43452 68.01293
361 623 632 62.44057 41.79631
362 623 624 25.49064 6.178349
363 612 615 37.21333 95.74613
364 833 841 92.14258 49.26109
365 833 839 68.40821 39.26784
366 833 947 522.1827 93.45703
367 835 869 199.8686 21.50478
368 835 843 86.2716 16.20938
369 842 852 45.69727 42.69083
370 894 920 69.90291 92.18034
371 894 918 61.17923 5.317469
372 866 893 110.0706 93.70654
373 866 880 51.20964 97.41258
374 848 849 4.277745 75.42698
375 844 856 72.11742 15.29861
376 844 859 78.15828 8.376594
377 851 874 86.5685 42.51698
378 851 870 74.31002 90.47631
379 769 804 104.1555 94.03159
380 805 2639 141.7915 19.67052
381 742 745 13.00342 72.01944
382 1415 1403 92.77221 2.394185
383 1415 1419 33.67445 71.26895
384 1415 5892 357.1544 10.95368
385 813 2631 43.44994 15.04239
386 741 744 15.39986 89.64153
387 753 757 25.35256 28.91743
388 737 752 78.13808 92.08138
389 737 743 86.07107 18.35761
390 737 751 72.38857 75.94263
391 722 723 7.905367 34.08766
392 779 809 110.6095 71.8054
393 2525 2528 10.15087 4.581362
394 2527 2530 19.47967 64.23751
395 2519 2531 78.12991 28.41609
396 2619 2620 63.40276 82.3547
397 2702 2703 145.8971 6.754382
398 2702 2701 8.120736 4.196753
399 1405 1400 38.81951 21.7936
400 1462 1463 16.7696 2.874563
401 1462 1460 25.77048 42.67598
402 1494 1495 27.39112 43.12581
403 1499 1520 100.9255 17.25683
404 2551 2558 58.37508 49.6273
405 5961 5957 91.76422 43.97658
406 5961 5963 30.32953 27.56305
407 2545 2556 209.2084 35.64279
408 2569 2579 85.47373 58.24937
409 2569 2561 50.78479 30.51873
410 2568 2576 59.27406 5.827914
411 2578 2587 68.02127 93.62054
412 2578 2583 30.89993 84.79125
413 2570 2582 97.64061 25.30872
414 5430 5406 148.2393 74.09186
415 116 5448 15.00742 40.23857
416 5960 5956 117.2287 43.92109
417 5960 5966 70.48077 81.23569
418 237 236 208.6629 95.78127
419 242 253 108.2554 59.1486
420 242 256 120.042 24.8956
421 242 254 112.59 29.18657
422 240 241 45.22942 13.50783
423 240 244 111.0749 29.57634
424 240 243 101.2946 8.563419
425 491 479 214.5434 14.27385
426 607 614 65.78513 87.9253
427 607 616 82.73856 57.12439
428 4284 4276 139.8097 86.29347
429 304 294 27.08035 47.68932
430 688 680 26.00684 81.69473
431 634 646 26.82245 59.20765
432 639 648 31.84609 53.68491
433 681 4289 86.21702 17.35085
434 676 4286 152.1823 63.80217
435 676 702 71.08021 56.32895
436 636 645 18.63172 52.96713
437 637 669 176.1449 51.78049
438 701 1067 58.97841 78.24911
439 701 1115 32.92389 37.51286
440 659 664 4.202058 13.49873
441 649 640 27.17277 52.49607
442 632 633 12.35766 10.28937
443 632 638 16.06084 47.03619
444 624 641 62.38182 4.829357
445 615 617 22.46414 23.87459
446 841 890 205.4651 78.60931
447 841 857 103.0867 25.87017
448 839 853 100.6845 15.24674
449 839 847 66.20331 87.91502
450 947 948 245.8553 24.61308
451 869 877 31.85276 21.70436
452 869 911 122.4279 96.48057
453 843 860 80.16992 84.59362
454 852 862 47.01001 39.24176
455 920 931 26.43246 94.72861
456 920 929 24.4011 56.19724
457 918 928 28.4228 85.12436
458 918 5201 140.6838 84.21371
459 893 901 28.265 73.06548
460 880 897 51.06955 84.09351
461 849 850 4.604553 17.24861
462 856 872 42.93328 65.32978
463 859 861 4.814767 67.30592
464 874 875 13.57471 93.10543
465 870 873 9.231143 30.72462
466 804 2636 92.5208 62.87392
467 2639 2638 40.26357 38.57901
468 2639 2640 51.54048 98.2347
469 745 748 13.17528 69.24107
470 1403 1393 54.35532 52.89611
471 1419 2696 52.65999 75.61439
472 2631 2628 34.59738 82.9753
473 2631 2632 50.24556 3.742619
474 744 749 27.2321 46.27853
475 744 789 188.7691 85.49362
476 757 766 37.75695 59.36121
477 757 780 83.99767 49.71285
478 752 770 101.6592 82.47639
479 752 758 107.8885 21.47636
480 743 734 51.86482 13.24866
481 751 762 46.6059 58.14638
482 723 725 28.97979 49.02766
483 809 5203 66.24411 26.4759
484 809 792 43.77814 83.47206
485 2528 2529 13.50559 64.03973
486 2620 2621 54.42081 72.90385
487 2703 2704 37.19412 3.485629
488 2701 2700 51.66612 40.12598
489 1463 1466 31.04744 12.79568
490 1460 1444 226.5663 72.80693
491 1460 1455 60.43214 73.04169
492 1520 1522 15.11816 63.72419
493 2558 2564 103.9873 74.35129
494 5963 5965 29.5299 82.07454
495 2556 2571 139.2202 67.51935
496 2579 2580 6.979262 56.43121
497 2579 2590 89.66121 46.90282
498 2561 2575 76.76664 28.7144
499 2587 2598 74.75637 34.92719
500 2583 2588 46.84221 8.615743
501 5406 5390 99.35044 49.01538
502 5448 5423 210.6398 80.29352
503 5956 5954 132.5648 4.295678
504 236 184 332.3536 40.63792
505 253 292 177.1255 59.61402
506 256 265 49.20393 47.91833
507 256 3816 407.9592 10.52698
508 254 257 7.77901 34.07517
509 254 280 114.5697 68.52175
510 241 245 78.40853 3.695874
511 244 249 63.22157 94.30679
512 244 252 93.93192 5.174689
513 243 248 61.60793 92.6418
514 243 247 57.04685 50.38162
515 479 478 294.8337 80.67542
516 479 481 59.00794 87.62535
517 479 482 97.26501 82.30955
518 614 620 50.73398 2.584973
519 616 635 115.5034 94.36705
520 4276 4278 31.74607 2.741638
521 4276 4282 105.792 89.43762
522 4276 4274 37.63343 6.981732
523 294 258 163.7903 29.63817
524 680 670 35.20996 31.59043
525 680 685 13.57471 49.20676
526 646 651 21.68623 79.43581
527 648 656 49.45441 56.14839
528 4289 4294 83.39478 13.98567
529 645 698 250.0125 26.47591
530 645 653 48.84556 61.28491
531 669 686 52.58432 64.13892
532 1067 1070 172.3793 8.712653
533 1067 1068 78.57248 97.36845
534 1115 1143 179.4791 59.23871
535 1115 1079 273.7957 69.17053
536 664 665 8.235494 35.71429
537 640 650 31.14233 28.76359
538 633 642 15.93507 73.89251
539 641 647 15.97559 50.3629
540 617 622 18.9302 63.28402
541 890 917 70.72697 13.04797
542 890 902 46.81971 17.52689
543 857 878 75.91013 79.28436
544 857 892 108.609 89.05218
545 853 854 12.31315 32.60587
546 847 855 49.74151 17.59362
547 948 949 153.1562 70.84621
548 877 919 109.2422 56.32917
549 911 944 71.00893 91.72057
550 911 5527 124.9535 35.74292
551 862 868 20.82788 18.5721
552 931 933 4.108857 91.53248
553 929 5675 51.46846 24.8167
554 928 945 35.50039 65.2849
555 928 5642 47.56323 56.91472
556 5201 5187 61.99178 81.26044
557 5201 5674 83.67159 41.60296
558 901 905 11.9189 58.79206
559 901 908 16.96851 34.50789
560 897 912 30.52258 46.78195
561 897 906 25.80877 23.70862
562 872 903 108.311 56.41838
563 872 889 57.40342 48.25174
564 872 887 53.45542 19.23709
565 861 864 14.85601 64.20894
566 875 883 23.0805 68.75243
567 2636 2637 12.01951 97.30463
568 748 750 15.52641 98.71523
569 1393 1398 29.83905 6.158294
570 1393 1387 38.32559 37.81429
571 2696 2695 20.71703 95.87062
572 2628 2627 28.54724 58.71609
573 2628 2630 19.60187 43.1851
574 2632 2633 28.62153 27.34569
575 2632 2634 38.78409 96.1783
576 749 756 29.8432 78.60593
577 749 754 18.58475 47.65892
578 789 825 109.0333 96.8147
579 766 783 53.73025 70.43626
580 770 798 91.94872 71.05824
581 770 793 102.1506 38.26709
582 770 761 32.75064 26.0359
583 758 768 40.75762 15.62095
584 734 747 68.76514 5.683714
585 762 764 78.25356 18.53963
586 725 730 43.26783 68.21945
587 5203 5215 32.3806 50.39428
588 5203 5463 52.20171 8.923416
589 5203 5141 191.9455 31.04927
590 792 782 31.99097 21.85707
591 2621 2622 85.43501 29.76813
592 2704 2705 224.6308 36.15927
593 1466 1469 23.39386 89.65271
594 1444 1445 19.86446 3.542618
595 1444 1441 129.1439 48.19675
596 1455 1451 16.00577 64.90159
597 1522 1530 54.52436 31.6789
598 2564 2573 38.16258 4.756213
599 5965 5967 29.94451 20.16588
600 2571 2604 261.2275 10.83976
601 2580 2586 32.18316 49.76204
602 2590 2596 40.69453 36.15489
603 2575 2585 97.50531 37.82061
604 2598 2610 69.41598 91.70438
605 2598 2607 53.23381 49.78123
606 2588 2600 76.53467 80.17944
607 2588 2595 53.51428 26.37955
608 5390 5379 72.37093 40.32759
609 5390 5396 31.76126 48.02954
610 5423 5421 17.60893 58.39672
611 5954 5953 63.3033 56.40219
612 184 129 369.5379 42.60753
613 292 306 35.26534 6.251493
614 3816 3822 115.8146 47.2968
615 3816 3815 6.203155 61.42571
616 3816 3829 184.2837 52.80491
617 257 298 180.0326 85.74303
618 257 259 5.210911 56.89321
619 245 250 74.24608 79.4632
620 245 246 14.4997 59.28741
621 249 274 132.5623 3.875492
622 248 261 84.77857 86.73043
623 247 251 44.93322 25.83914
624 478 476 545.7198 93.65417
625 481 488 122.4222 49.52317
626 482 484 20.7999 18.70366
627 482 483 16.34717 76.01535
628 620 652 136.955 65.81731
629 635 662 130.6337 32.80576
630 4282 4272 159.29 62.35709
631 4274 4273 16.6484 51.06375
632 258 263 28.81681 26.4532
633 670 658 73.05936 46.27311
634 685 345 113.5017 94.1572
635 685 353 32.59004 79.63204
636 651 654 21.63477 87.36142
637 656 660 42.93139 25.76483
638 698 5899 46.32349 54.0633
639 653 661 61.17454 2.546938
640 686 678 80.97026 85.26319
641 686 700 45.73128 83.47205
642 686 697 38.66096 16.57024
643 1070 1071 17.18119 59.28406
644 1068 1069 49.26375 90.62435
645 1068 1075 226.616 30.95813
646 1143 1120 112.1894 49.25806
647 1143 1161 57.81962 24.78635
648 1079 1100 173.0284 15.03248
649 1079 1085 57.9994 57.42894
650 650 673 158.7551 48.61254
651 650 672 152.9577 5.169823
652 622 628 43.7408 27.16854
653 917 4945 79.49818 81.95625
654 917 4952 80.32774 3.275948
655 902 935 67.03 69.20348
656 902 925 44.21191 54.32961
657 854 858 18.33064 93.18571
658 854 941 238.7943 81.64207
659 855 879 87.14618 4.657129
660 855 865 36.55045 21.37069
661 949 953 166.1595 76.12583
662 949 951 123.8578 14.69058
663 949 950 78.32399 93.64202
664 919 5668 91.33013 48.76309
665 919 921 4.994941 28.7965
666 919 930 30.56501 10.5248
667 944 5640 168.5166 42.97311
668 944 5688 87.20535 13.09857
669 5527 5525 12.11174 52.10468
670 868 886 61.54423 49.21581
671 933 943 12.77208 76.10439
672 945 5556 24.36216 73.95028
673 5642 5210 40.32868 17.28903
674 5187 5150 103.5466 64.93578
675 905 927 48.39473 84.52707
676 908 934 57.72304 3.892746
677 912 914 4.386207 56.32971
678 906 936 60.85257 2.965784
679 903 910 10.03125 26.98535
680 889 895 24.90012 45.62874
681 889 5660 181.2984 85.70491
682 750 760 46.1054 53.82407
683 1398 1404 41.66536 73.45281
684 1387 1372 67.3228 98.26346
685 2695 2697 36.67799 23.40787
686 2695 2698 45.78125 10.87424
687 2627 2629 34.94598 73.82165
688 2627 2626 14.03156 85.42679
689 2633 821 52.00386 95.02177
690 2634 2635 29.02864 35.47183
691 756 795 135.5873 28.76054
692 756 820 208.271 43.59027
693 754 772 68.61153 62.41378
694 825 1711 61.93952 39.87125
695 825 1713 147.5063 63.89201
696 783 794 35.40519 20.89763
697 798 811 37.5882 21.08348
698 798 791 28.249 6.917845
699 793 784 30.75986 43.26879
700 768 775 61.1885 46.82092
701 747 759 59.7364 51.72047
702 747 763 70.19051 83.71593
703 730 739 46.03161 98.42564
704 5215 787 116.1303 10.27539
705 5463 5464 86.50275 72.86015
706 5141 5161 56.40531 31.50972
707 5141 5176 93.11728 14.86732
708 5141 5123 142.2657 24.50637
709 782 2683 326.6013 75.24302
710 782 2684 150.0821 31.2461
711 782 773 33.22428 10.63789
712 1469 1472 24.31613 56.2798
713 1445 1447 46.41386 23.7985
714 1441 1436 67.24653 38.91475
715 1451 1448 54.41876 14.03679
716 1451 1457 43.30988 31.78255
717 1530 1537 46.256 76.39458
718 1530 1535 38.9861 24.01839
719 2573 2584 93.29159 57.03962
720 5967 5970 25.02869 2.916437
721 2604 5465 214.4395 13.8459
722 2604 5457 82.54993 5.349682
723 2586 2592 70.32248 74.68319
724 2586 2589 36.48242 93.6471
725 2596 2618 127.7079 62.5138
726 2596 2608 72.31564 20.83742
727 2585 2593 76.41359 12.58734
728 2610 5923 61.88308 23.86914
729 2600 2614 102.1616 56.21794
730 2595 2605 57.7517 21.54808
731 2595 2599 17.54417 30.56718
732 5379 5374 70.34301 93.20678
733 5379 5383 39.51485 41.0254
734 5396 5394 31.63591 60.19483
735 5396 5398 24.31946 28.74536
736 5421 5424 73.39195 78.16249
737 5421 5412 72.65677 28.36575
738 5953 5955 97.27128 13.08724
739 129 126 102.6858 82.79506
740 306 334 82.62614 42.87104
741 306 335 84.87515 51.80743
742 306 328 66.8319 36.08275
743 3822 3831 91.8602 41.65279
744 3822 3826 27.76257 41.60793
745 3815 3807 157.9928 82.65432
746 3829 348 20.71104 17.96521
747 298 310 30.59988 48.60153
748 259 278 95.22815 90.48526
749 250 255 21.8139 58.49013
750 250 260 30.52234 91.07385
751 246 283 199.3765 26.83941
752 261 269 42.55334 50.98361
753 251 267 75.40707 56.39178
754 476 474 485.1138 59.14026
755 488 497 122.1761 74.10968
756 488 494 61.63114 21.54631
757 484 489 75.99271 26.78543
758 483 485 13.35665 23.1766
759 652 668 116.1917 47.0124
760 652 657 51.10129 72.45109
761 662 682 114.6117 68.91432
762 662 677 82.47095 27.6189
763 4272 4275 48.77806 80.56123
764 4272 4271 30.39594 48.06275
765 4273 4269 117.7687 61.5928
766 263 276 61.86468 48.65712
767 345 285 181.2751 21.63795
768 345 5896 38.81699 10.45872
769 353 342 25.246 61.59328
770 660 666 21.6433 71.30493
771 5899 5898 59.22525 39.25874
772 661 674 69.66004 8.724159
773 678 692 46.97155 12.87096
774 700 708 14.39306 84.96175
775 697 5860 148.2491 18.70237
776 1071 1074 78.51086 57.16328
777 1071 1073 77.36038 86.54792
778 1069 1072 115.9992 14.98207
779 1075 1078 51.02596 93.86502
780 1120 1118 25.55995 96.41029
781 1120 1146 123.0164 52.91461
782 1100 1102 8.491878 38.12905
783 1100 1111 74.62533 98.06127
784 1085 1097 92.33125 85.92715
785 673 683 22.08265 37.49052
786 673 706 86.93135 58.37429
787 672 4295 165.6757 53.86274
788 672 5905 140.5926 59.01276
789 4945 4946 59.7207 23.54979
790 4945 4947 69.51265 1.938425
791 935 4978 112.9515 72.89307
792 935 5637 67.25145 25.91369
793 935 5639 74.67641 46.72532
794 925 4977 62.04637 52.1379
795 858 863 16.43499 35.81709
796 858 867 25.36021 38.51693
797 941 4717 259.0794 37.96584
798 941 5636 63.66999 24.09636
799 879 885 18.30167 38.64209
800 865 876 39.47745 36.59822
801 953 1065 568.556 5.421796
802 953 963 85.25503 21.60874
803 953 954 11.50391 1.329857
804 951 959 115.8695 46.38503
805 951 977 247.3784 83.54171
806 950 952 64.21859 75.89604
807 921 5682 100.3443 48.76593
808 930 5600 33.98805 59.04368
809 5688 5687 139.217 78.0517
810 5688 5689 28.79549 52.94861
811 5525 5520 55.43879 25.46917
812 886 926 103.9211 85.96721
813 886 904 55.64354 50.89173
814 886 899 42.39442 70.92358
815 5210 5204 15.15462 72.54611
816 5150 5139 38.16616 90.42176
817 5150 5154 5.894722 9.537812
818 927 5665 72.99953 18.03752
819 934 5615 50.48145 64.81572
820 914 5115 77.00476 13.06975
821 936 5700 113.013 32.81955
822 910 916 10.04022 91.24731
823 895 909 34.6012 1.375948
824 895 915 42.68048 61.48098
825 5660 5658 36.12644 50.38162
826 5660 5663 99.81055 46.98035
827 5660 5661 50.51561 35.27901
828 1404 1417 99.74581 19.30548
829 1372 1369 14.39282 21.6859
830 1372 1378 35.48225 74.1582
831 2698 2699 69.59608 39.65149
832 2626 2624 15.88404 31.57205
833 821 800 60.74834 29.56483
834 795 1716 98.30353 67.8541
835 820 827 20.50441 60.49258
836 820 1709 84.32218 7.643258
837 772 802 94.0166 98.5731
838 772 778 30.96047 26.35871
839 1711 1699 95.0307 23.70585
840 1711 1703 113.4816 67.18054
841 1713 1719 70.04391 20.61949
842 811 4974 64.05828 97.60255
843 784 801 51.96407 70.94363
844 784 785 64.7951 86.27395
845 759 771 41.45572 34.82502
846 763 767 24.81595 64.8912
847 763 806 139.7955 54.71863
848 739 777 172.4112 86.74213
849 5161 5171 33.01973 69.24578
850 5176 5197 81.94154 13.76549
851 5176 5452 162.8647 62.87035
852 5123 5116 64.84599 51.06397
853 5123 5135 106.4338 46.21088
854 1472 1474 32.75517 31.40897
855 1447 1454 81.84586 18.54274
856 1447 1458 132.9562 24.08594
857 1436 1431 126.7028 60.42853
858 1448 1443 127.0929 28.10436
859 1457 1464 101.5594 95.38611
860 2584 2591 71.08012 75.02148
861 5457 5455 125.5215 68.94106
862 5457 5459 109.7165 26.87355
863 5457 2613 104.0307 9.386142
864 2592 2594 14.81112 45.08127
865 2589 2602 106.4147 49.12376
866 2618 5462 36.53687 3.819246
867 2608 2611 26.8487 60.48732
868 2608 2616 51.44991 51.6439
869 5923 5922 112.6543 19.04857
870 5923 5925 78.51126 21.08965
871 5923 5924 72.07568 76.93258
872 2605 2615 68.91924 90.84351
873 2599 2601 22.29108 52.04317
874 5374 5370 76.68308 73.08125
875 5383 5386 8.068619 38.05647
876 5398 5408 44.54248 64.59714
877 5424 5414 85.47313 1.248653
878 5424 5436 77.33652 73.40216
879 5412 5404 39.74875 43.02817
880 5955 5958 167.6763 18.63709
881 126 128 60.91882 79.63821
882 126 125 259.4373 25.87065
883 126 130 132.9204 21.67349
884 334 3860 66.17725 72.13651
885 335 4233 49.77214 74.28096
886 328 3889 134.4985 10.92735
887 328 3879 117.1128 81.24606
888 3831 3846 92.2103 12.68735
889 3831 3842 77.31058 37.85621
890 3826 3834 80.51913 69.71303
891 3826 3830 42.47153 26.59318
892 3807 3806 19.895 54.39268
893 3807 3811 109.9731 20.15938
894 3807 3809 39.3476 91.26379
895 348 3863 38.59158 46.90823
896 348 341 13.61931 98.73421
897 278 288 49.76681 69.70152
898 278 296 75.88158 38.50721
899 255 277 97.63167 65.92814
900 255 262 33.0854 7.154629
901 260 266 43.00649 57.06144
902 283 293 49.71272 24.50614
903 269 273 12.08321 30.84752
904 474 473 245.1604 63.90248
905 497 512 172.7787 32.06847
906 497 499 57.24024 76.43812
907 494 501 155.5132 45.20679
908 489 492 34.87173 62.54179
909 485 486 39.20427 49.23756
910 668 691 88.55156 58.93462
911 668 675 35.2963 43.59807
912 657 704 178.2458 67.30429
913 657 705 179.1365 93.21706
914 657 690 150.9625 94.15027
915 682 684 5.459297 16.84937
916 677 689 42.88902 13.67505
917 4275 4279 75.63908 38.9147
918 4275 4277 23.79355 51.29407
919 4271 4270 16.95647 40.97865
920 4269 4268 45.12497 62.04184
921 4269 352 101.8004 72.34981
922 285 291 34.40919 19.03755
923 5896 5897 83.11503 4.169537
924 5896 679 149.0032 42.61579
925 5896 302 172.1922 12.93046
926 342 330 27.26227 78.4107
927 666 671 35.83074 8.152934
928 674 703 83.48769 96.45103
929 674 5915 152.0173 69.14373
930 692 694 5.532634 39.27618
931 708 709 4.797566 48.06133
932 5860 1534 106.7541 60.81595
933 5860 5859 90.92321 7.456829
934 1074 1080 103.957 45.32702
935 1074 1076 45.88796 18.69204
936 1073 1077 77.86511 96.17439
937 1078 1095 130.0555 69.17452
938 1118 1127 68.71685 31.68097
939 1102 1126 183.1432 32.70616
940 1102 1113 87.18478 16.97804
941 1111 1131 134.4383 72.60349
942 1097 1108 66.824 19.04726
943 683 696 46.80429 28.96147
944 706 5912 61.32548 43.76981
945 4295 4288 101.8909 37.58614
946 4295 4298 25.93944 94.06239
947 5905 5906 9.006809 62.74894
948 4946 4948 18.57666 94.68071
949 4947 4950 31.76932 48.72659
950 4978 940 96.85307 58.24731
951 5637 5638 59.22857 57.02394
952 4977 1755 117.0665 54.20619
953 4977 4976 45.31031 81.27649
954 863 871 18.69736 95.04688
955 4717 4716 33.10767 26.79541
956 4717 4718 80.85455 16.39854
957 5636 5635 25.39315 61.47928
958 885 938 127.4312 58.7962
959 885 923 94.96726 39.64128
960 876 881 18.61573 89.21407
961 1065 1066 411.8234 3.869257
962 963 964 32.07121 81.03674
963 954 955 8.957789 23.56149
964 959 965 46.47631 30.42169
965 959 961 6.815568 63.80274
966 977 982 23.02233 27.91684
967 977 1003 96.76434 76.5923
968 977 995 63.94425 2.468517
969 952 956 71.71765 18.34628
970 952 957 82.7196 35.14921
971 5682 5678 102.634 16.94571
972 5600 5595 36.52967 27.63108
973 5689 5694 140.9363 18.23596
974 5689 5690 14.7465 69.07832
975 5520 5515 74.57866 30.15286
976 926 5619 52.58403 8.365742
977 904 824 33.59304 75.34681
978 899 932 73.77608 29.03865
979 5204 5557 39.0585 24.71803
980 5204 5641 54.20878 1.763429
981 5204 5191 49.74181 47.93126
982 5139 5138 5.342006 15.69238
983 5139 5152 40.41376 49.06284
984 5154 5156 4.681031 54.67819
985 5615 5613 52.22256 36.94218
986 5615 5617 63.80824 39.1785
987 5115 5108 78.70011 13.65499
988 5115 5126 107.069 3.927485
989 5700 5062 96.73283 26.74583
990 916 922 17.36586 41.39075
991 909 5622 252.8894 5.632984
992 915 5659 171.9762 18.74965
993 5658 5657 16.63013 91.82055
994 5661 5662 42.5237 23.59086
995 1417 1491 28.24858 73.95624
996 1369 1362 33.80614 17.96834
997 1378 1390 55.0344 52.03472
998 2624 2623 44.84512 26.14739
999 2624 2625 13.70067 20.96413
1000 1716 1695 218.9672 94.26718
