1 863.2758 3005.276
0 769.9487 2982.984
3 1197.557 2984.47
2 690.1964 3333.705
4 1261.189 2985.956
5 722.4367 3467.454
6 1316.336 2999.331
7 749.5864 3781.022
8 1474.144 2737.777
9 1662.919 3148.685
11 842.9135 4259.548
10 1771.943 2439.07
21 2090.951 3406.896
37 910.3635 4476.52
12 1794.85 2392.257
13 1830.06 2468.049
27 2115.556 3432.159
50 945.1491 4573.859
14 1807.152 2400.431
16 1827.939 2339.129
17 1871.209 2504.458
33 2142.706 3464.854
59 1137.742 4560.856
54 951.9365 4628.845
18 1836.423 2342.473
15 1834.302 2414.92
20 1834.302 2304.577
24 1910.661 2540.496
66 2322.573 3846.411
63 1181.861 4553.797
61 1158.953 4579.432
56 941.3312 4686.803
23 1877.572 2359.192
19 1863.149 2431.268
25 1845.332 2276.341
31 1905.994 2335.414
28 1920.842 2531.951
40 1976.838 2604.771
78 2047.682 3794.397
82 2619.522 3908.827
74 2407.415 4020.285
64 1177.194 4609.154
58 920.5447 4750.706
26 1889.874 2364.393
22 1885.632 2449.472
30 1910.661 2380.74
32 1865.27 2243.275
38 1922.963 2305.32
43 1987.019 2597.34
35 1953.93 2505.201
42 1970.475 2609.229
828 647.775 3519.468
713 3092.945 4069.327
80 2446.867 4102.764
92 2589.827 3962.699
96 2202.944 4021.771
67 1191.193 4660.054
62 899.7582 4796.404
29 1904.297 2472.879
36 1941.628 2404.146
44 1939.507 2275.598
52 2073.135 2547.927
47 2005.26 2561.302
34 1935.265 2495.913
45 1978.959 2627.434
711 3676.664 4222.396
89 2491.834 4167.038
104 2631.4 3962.699
105 2179.188 4038.119
77 1455.479 4663.397
65 889.1528 4836.9
41 1968.354 2427.552
51 2063.378 2532.323
49 2034.531 2546.069
39 1964.536 2475.108
710 3766.597 4038.119
712 3593.518 4632.561
110 2562.253 4237.628
2685 2699.699 3982.39
108 2200.399 4062.268
2549 1960.718 4191.931
85 1518.687 4691.633
69 1000.297 4836.9
68 906.9698 4943.899
46 1991.261 2456.531
53 2076.104 2526.007
48 2003.563 2512.26
631 3999.067 3746.842
714 3551.097 4955.789
2501 2614.008 4277.01
2686 2855.81 4029.573
2641 2227.124 4094.591
112 2188.096 4071.184
2546 1902.176 4244.315
102 1556.866 4629.96
91 1499.173 4723.956
2567 1755.822 4792.317
70 1019.811 4857.334
72 923.9384 5027.864
83 1116.956 5016.719
55 2131.676 2527.865
593 4353.71 3476.371
731 3506.978 5261.183
720 3384.38 4836.528
715 3630.425 5004.087
2505 2701.396 4299.302
2502 2558.86 4262.892
2503 2673.822 4322.708
2689 2972.893 4068.584
2687 2816.782 4118.368
2642 2230.518 4098.306
115 2186.4 4081.959
2544 1920.842 4269.58
109 1588.258 4600.238
99 1480.083 4746.248
2559 1846.18 4830.212
71 1043.143 4879.254
76 934.5438 5104.027
98 1157.68 4924.208
88 1160.226 5041.982
57 2208.459 2500.743
592 4715.14 3378.288
594 4420.312 3526.156
595 4257.837 3383.861
803 3522.25 5540.571
724 3348.322 4810.521
726 3429.771 4785.629
719 3716.54 5056.472
716 3628.303 5009.288
2506 2716.243 4315.649
2504 2534.679 4256.205
2507 2714.122 4352.43
2694 3156.153 4135.83
2688 2802.359 4136.202
2644 2246.638 4117.625
2643 2211.004 4102.021
2648 2190.218 4092.733
2541 1945.87 4323.451
2565 1674.797 4606.925
5979 1567.896 4815.723
5984 1424.511 4810.521
2550 1979.383 4882.226
73 1084.291 4879.254
81 948.5428 5153.812
114 1227.676 4924.208
90 1176.77 5026.75
94 1167.013 5073.934
60 2225.003 2480.681
309 4978.153 3289.122
596 4465.702 3561.822
610 4617.571 3476.742
597 4240.444 3357.854
831 3632.122 5868.257
738 3286.387 4882.598
727 3327.112 4795.289
733 3396.683 4756.65
728 3792.474 5097.34
717 3593.518 5086.937
2508 2716.243 4331.625
2511 2430.323 4226.482
2509 2518.135 4317.878
2510 2699.699 4413.731
2515 2881.262 4475.776
1510 3327.96 4191.931
2690 2756.543 4170.753
2646 2253.85 4126.542
2647 2259.789 4112.052
2645 2196.581 4100.164
2539 1976.838 4381.409
2555 1756.671 4517.387
5981 1593.348 4835.786
5975 1536.079 4881.854
5985 1386.332 4854.733
2548 2003.563 4845.816
2553 1931.023 4969.535
75 1104.229 4849.532
84 958.7239 5196.538
100 1197.981 5001.486
107 1181.861 5140.437
97 1150.469 5076.906
270 5091.842 3228.191
598 4447.885 3580.398
599 4514.063 3599.718
611 4628.601 3473.77
619 4609.511 3392.778
621 4118.271 3179.521
601 4297.289 3324.417
604 4167.056 3395.007
829 3849.743 6173.651
832 3638.061 5911.354
837 3529.037 5838.535
836 3732.236 5863.427
736 3277.054 4759.994
765 3500.191 4639.248
729 3796.717 5099.94
718 3587.155 5091.767
2513 2409.112 4297.815
2512 2378.993 4212.364
2514 2675.519 4499.183
2516 2548.678 4379.551
2518 2855.81 4494.724
2524 2987.316 4553.797
1496 3413.227 4204.934
2691 2736.605 4255.833
2649 2268.273 4123.198
2542 1868.663 4375.836
2538 1984.474 4381.78
2552 1764.731 4487.666
5982 1608.62 4847.674
5980 1551.775 4926.066
5971 1506.809 4942.414
5976 1306.155 4947.615
87 1229.797 4813.865
2540 2093.073 4689.404
2557 2161.371 4887.056
2554 1928.902 4972.878
2560 2018.411 4985.51
79 1161.498 4833.556
93 954.0576 5240.006
117 1200.102 5108.486
113 1185.679 5157.527
106 1103.381 5067.246
239 5426.123 3330.733
591 5393.883 2722.916
600 4408.434 3582.256
603 4535.698 3570.367
602 4532.728 3622.752
663 4914.521 3401.694
618 4651.084 3538.787
643 4599.754 3283.549
627 4095.363 3146.084
630 4159.844 3130.852
606 4306.198 3298.781
608 4143.299 3406.896
613 4205.235 3457.052
830 4099.181 6256.873
834 3631.273 5936.989
838 3528.189 5813.271
845 3446.316 5822.559
846 3742.417 5959.652
840 3781.869 5861.569
755 3340.262 4694.977
740 3271.115 4773.741
790 3100.157 4633.675
788 3436.135 4592.436
774 3528.189 4659.311
735 3830.654 5120.003
732 3792.474 5074.677
721 3581.216 5114.43
746 3394.986 5050.527
2526 2349.722 4500.669
2522 2173.673 4159.979
2521 2513.469 4503.641
2517 2545.285 4390.326
810 3053.069 4600.609
1500 3452.679 4226.111
1490 3431.468 4110.195
1497 3410.258 4208.649
2692 2731.939 4274.038
2693 2748.483 4277.381
2547 1788.487 4368.034
2537 2104.102 4416.333
5977 1597.166 4937.212
5973 1463.115 4927.924
5964 1467.357 5024.521
5978 1286.641 4970.649
103 1237.008 4749.591
2543 2185.127 4724.699
2536 2168.158 4557.512
2563 2256.819 4907.49
2566 2143.554 4994.427
2574 1845.756 5110.715
2562 1821.576 4940.556
2572 2080.346 4991.827
86 1145.378 4766.682
101 954.4818 5266.013
5983 1257.795 5046.441
5962 1256.522 5164.958
5992 1005.812 5039.01
238 5488.907 3344.108
535 5526.238 2241.418
609 4570.483 3561.45
605 4540.364 3646.53
313 5057.481 3365.285
687 4943.367 3506.465
625 4690.536 3569.252
655 4647.266 3266.087
629 4078.395 3156.487
667 3978.28 2975.182
644 4191.66 3114.133
623 4290.502 3171.348
612 4138.633 3435.503
833 4277.351 6255.387
835 3614.729 5961.881
842 3518.856 5765.715
894 3431.468 5639.025
866 3348.746 5812.156
848 3743.266 5963.739
844 3820.048 5861.941
851 3781.445 5785.406
769 3382.259 4649.651
805 3199.847 4595.408
742 3266.873 4788.23
1415 3528.189 4494.353
813 3613.032 4742.532
741 3868.409 5133.378
753 3755.144 4973.622
737 3698.299 5154.926
722 3581.216 5119.631
779 3259.237 5020.063
2533 2280.575 4485.808
2532 2381.962 4507.356
2525 2165.613 4168.896
2527 2159.25 4152.549
2523 2511.348 4486.179
2519 2524.074 4449.398
2520 2468.502 4370.263
2619 2935.986 4691.633
2702 3124.761 4527.79
1405 3549.824 4363.576
1462 3205.786 3945.609
1494 3481.525 4139.545
1499 3394.137 4232.055
2551 1698.978 4305.246
2535 2178.764 4441.596
5972 1573.41 5033.809
5974 1458.024 4926.066
5968 1517.414 5026.007
5961 1444.873 5070.59
111 1186.527 4748.105
5988 1373.181 4751.078
2545 2207.61 4740.675
2534 2215.246 4457.572
2569 2370.509 4917.893
2568 2156.705 4995.17
2578 1816.909 5161.614
2581 1777.033 5080.993
2570 1829.636 4908.604
2577 1779.578 5039.382
95 1107.623 4766.682
5430 957.4513 5424.283
116 1000.721 5332.516
5960 1284.096 5168.301
237 5826.581 3465.968
242 5577.144 3147.942
240 5437.577 3446.649
491 5599.203 1816.392
607 4541.212 3652.846
4284 4941.247 3174.32
304 5073.601 3386.09
688 4948.458 3523.555
634 4731.685 3552.905
626 4676.537 3575.197
639 4729.139 3599.718
681 4789.377 3221.504
676 4571.332 3146.456
636 4060.154 3168.376
637 4092.394 3174.32
701 3913.8 2880.814
659 4133.118 3022.737
649 4226.445 3095.557
632 4234.082 3198.098
624 4287.108 3146.084
615 4140.754 3472.656
841 4278.2 6163.249
839 4279.896 6323.748
947 4781.317 6392.109
869 3485.768 6114.579
843 3530.734 5942.19
852 3518.856 5720.018
920 3363.594 5622.307
918 3436.983 5578.095
893 3344.08 5922.128
880 3297.841 5806.583
849 3741.145 5967.454
856 3892.165 5862.313
859 3828.957 5939.59
874 3867.985 5783.177
870 3780.596 5711.101
804 3296.992 4589.835
2639 3296.992 4492.124
745 3266.873 4801.233
1403 3594.366 4429.336
1419 3502.312 4472.804
5892 3872.651 4588.721
2631 3652.484 4760.737
744 3883.256 5137.465
757 3753.022 4948.358
752 3772.112 5180.562
743 3634.667 5212.885
751 3745.811 5100.312
723 3579.943 5127.434
809 3151.911 4993.313
2528 2157.129 4174.469
2530 2140.584 4158.122
2531 2448.564 4429.336
2620 2888.474 4733.616
2703 3220.209 4417.447
2701 3131.549 4532.249
1400 3585.034 4379.923
1463 3194.757 3958.24
1460 3185 3930.376
1495 3463.284 4159.979
1520 3325.839 4306.36
2558 1676.494 4251.375
5957 1405.422 5153.44
5963 1472.447 5083.222
2556 2409.96 4793.803
2579 2444.322 4960.99
2561 2386.205 4869.594
2576 2215.246 5004.458
2587 1751.58 5180.562
2583 1846.604 5153.069
2582 1740.126 4869.594
5406 957.4513 5572.522
5448 995.6306 5346.634
5956 1400.331 5183.534
5966 1320.154 5107.743
236 6011.539 3562.565
253 5622.958 3049.859
256 5692.105 3182.494
254 5466.423 3127.508
241 5480.422 3461.138
244 5328.13 3427.701
243 5384.974 3533.214
479 5583.931 1602.393
614 4548.424 3718.235
616 4614.177 3613.836
4276 4868.282 3055.06
294 5096.933 3399.836
680 4948.458 3549.562
646 4757.562 3545.846
648 4754.168 3619.408
4289 4744.411 3147.942
4286 4716.837 3101.873
702 4503.033 3166.146
645 4049.972 3183.98
669 4088.576 3350.424
1067 3861.621 2908.307
1115 3895.134 2853.693
664 4130.573 3019.394
640 4253.595 3096.671
633 4223.052 3203.671
638 4228.991 3182.865
641 4343.104 3118.591
617 4150.087 3493.09
890 4276.079 5957.794
857 4175.116 6163.992
853 4280.321 6424.432
847 4213.719 6325.605
948 4986.637 6527.344
877 3474.314 6144.301
911 3567.641 6205.603
860 3450.982 5934.017
862 3529.886 5674.32
931 3361.897 5648.685
929 3339.838 5616.733
928 3444.195 5550.602
5201 3311.84 5513.821
901 3342.807 5950.364
897 3246.935 5810.67
850 3739.023 5971.541
872 3934.162 5853.396
861 3831.502 5943.677
875 3881.559 5783.177
873 3786.96 5704.414
2636 3358.927 4521.103
2638 3336.868 4497.697
2640 3255.419 4461.659
748 3264.752 4814.237
1393 3623.213 4383.267
2696 3460.739 4440.481
2628 3642.303 4793.803
2632 3699.996 4744.39
749 3909.558 5144.524
789 3862.47 4949.844
766 3790.778 4948.729
780 3669.028 4947.615
770 3867.985 5214.371
758 3695.329 5256.353
734 3583.337 5220.315
762 3786.535 5122.975
725 3552.369 5136.35
5203 3127.731 5054.986
792 3167.607 4952.445
2529 2144.827 4168.896
2621 2858.355 4778.942
2704 3245.662 4390.326
2700 3173.546 4562.342
1466 3164.213 3963.813
1444 3407.712 3888.765
1455 3136.215 3894.709
1522 3315.234 4317.135
2564 1621.771 4162.951
5965 1501.294 5089.538
2571 2541.467 4839.5
2580 2447.292 4954.674
2590 2429.474 5049.413
2575 2311.119 4853.619
2598 1679.464 5200.252
2588 1893.268 5148.982
5390 951.9365 5671.719
5423 1060.96 5546.887
5954 1531.837 5200.252
184 6288.126 3746.842
292 5714.589 2898.276
265 5710.347 3136.796
3816 6082.807 3299.896
257 5458.788 3126.022
280 5509.269 3021.251
245 5558.478 3468.569
249 5265.77 3417.298
252 5352.734 3337.049
248 5353.158 3585.971
247 5333.645 3508.322
478 5529.631 1312.602
481 5524.965 1600.163
482 5681.076 1607.222
620 4556.06 3768.391
635 4680.779 3708.203
4278 4838.162 3065.091
4282 4813.134 2964.779
4274 4904.34 3044.286
258 5247.105 3465.225
670 4913.248 3549.562
685 4962.033 3549.562
651 4779.197 3544.36
656 4780.894 3661.02
4294 4669.75 3185.094
698 3909.133 2977.411
653 4006.703 3206.643
686 4041.488 3373.83
1070 3708.48 2987.442
1068 3817.503 2843.29
1143 4053.366 2768.985
1079 3739.872 2628.177
665 4126.331 3012.335
650 4276.079 3075.123
642 4214.992 3189.924
647 4343.104 3102.615
622 4164.51 3505.35
917 4344.801 5941.076
902 4275.23 5910.982
878 4179.358 6239.783
892 4066.517 6165.478
854 4287.957 6434.091
855 4195.902 6372.046
949 5110.083 6617.997
919 3450.558 6250.929
944 3624.91 6163.62
5527 3648.242 6301.085
868 3536.673 5654.629
933 3361.473 5652.771
5675 3289.356 5626.765
945 3476.435 5565.463
5642 3445.043 5503.046
5187 3326.687 5453.633
5674 3292.326 5595.185
905 3341.959 5962.253
908 3325.839 5950.364
912 3217.24 5803.611
906 3224.028 5822.559
903 3963.009 5957.794
889 3990.158 5840.764
887 3911.254 5805.097
864 3840.411 5955.565
883 3902.346 5793.208
2637 3366.988 4512.186
750 3256.268 4827.24
1398 3631.697 4354.659
1387 3661.392 4386.61
2695 3448.012 4424.134
2627 3633.394 4820.924
2630 3661.816 4791.945
2633 3710.177 4771.14
2634 3687.694 4707.609
756 3939.252 5147.496
754 3903.194 5161.985
825 3971.493 4951.33
783 3780.596 4895.973
798 3949.01 5257.839
793 3789.505 5279.759
761 3890.892 5190.964
768 3729.691 5278.273
747 3585.458 5289.047
764 3859.076 5152.326
730 3511.22 5149.725
5215 3157.85 5066.875
5463 3078.946 5036.41
5141 3051.372 5231.089
782 3180.333 4923.094
2622 2822.721 4856.591
2705 3064.099 4258.062
1469 3143.851 3975.331
1445 3427.226 3885.05
1441 3374.624 3763.932
1451 3126.883 3881.706
1530 3360.2 4347.972
2573 1599.287 4132.115
5967 1530.565 5095.854
2604 2789.208 4922.351
2586 2461.291 4925.695
2596 2422.687 5089.538
2585 2216.943 4828.355
2610 1695.16 5267.871
2607 1626.861 5208.426
2600 1893.268 5225.517
2595 1946.719 5146.381
5379 928.1805 5740.08
5396 983.3284 5676.549
5421 1065.202 5563.977
5953 1523.777 5263.041
129 6656.344 3778.05
306 5730.285 2866.696
3822 6165.953 3380.517
3815 6087.473 3295.809
3829 5939.846 3416.184
298 5386.671 3290.979
259 5453.697 3124.907
250 5531.328 3537.673
246 5572.901 3470.055
274 5238.196 3287.635
261 5307.343 3657.304
251 5312.009 3547.704
476 5510.966 767.2017
488 5402.792 1592.361
484 5701.862 1607.966
483 5681.076 1623.57
652 4577.695 3903.626
662 4741.017 3824.119
4272 4729.563 2829.172
4273 4920.884 3042.428
263 5227.167 3486.031
658 4840.283 3545.846
345 5008.272 3653.218
353 4993.849 3542.503
654 4800.832 3544.36
660 4804.225 3697.058
5899 3867.56 2997.845
661 3952.827 3235.622
678 3996.946 3306.212
700 4000.764 3394.635
697 4062.699 3406.153
1071 3692.36 2993.387
1069 3773.385 2865.21
1075 3691.511 2654.927
1120 3986.764 2678.704
1161 4087.303 2815.797
1100 3896.831 2555.357
1085 3707.208 2580.25
673 4181.903 2947.318
672 4380.435 2963.293
628 4131.421 3533.958
4945 4422.008 5922.128
4952 4336.317 5861.198
935 4208.204 5911.726
925 4275.23 5866.771
858 4283.714 6451.924
941 4520.85 6381.334
879 4172.57 6456.011
865 4159.419 6369.817
953 5266.619 6673.726
951 5052.391 6727.597
950 5144.021 6547.407
5668 3539.219 6272.849
921 3449.285 6255.759
930 3420.439 6256.13
5640 3742.841 6283.995
5688 3694.905 6111.606
5525 3655.029 6311.116
886 3596.488 5640.14
943 3366.139 5664.661
5556 3500.615 5568.435
5210 3438.256 5463.293
5150 3356.382 5354.436
927 3385.653 5983.059
934 3268.994 5940.333
914 3212.998 5802.497
936 3180.333 5864.913
910 3963.009 5967.826
895 4014.338 5834.819
5660 4026.641 6018.354
760 3222.331 4858.449
1404 3633.818 4313.048
1372 3728.418 4392.926
2697 3425.529 4395.155
2698 3486.192 4398.871
2629 3668.18 4817.581
2626 3629.152 4834.299
821 3722.479 4821.667
2635 3689.39 4678.63
795 3929.496 5012.26
820 4146.693 5166.072
772 3971.069 5172.017
1711 4033.428 4952.073
1713 3960.887 4804.206
794 3745.387 4892.257
811 3982.098 5275.672
791 3960.039 5231.833
784 3769.991 5303.537
775 3699.996 5331.773
759 3641.454 5309.853
763 3573.156 5358.151
739 3465.405 5145.267
787 3271.964 5088.423
5464 3001.739 4997.399
5161 3106.944 5221.43
5176 2958.469 5224.773
5123 2956.772 5337.346
2683 2877.02 4801.977
2684 3325.839 4959.875
773 3195.181 4893.372
1472 3127.731 3993.535
1447 3473.041 3877.619
1436 3336.444 3708.575
1448 3094.642 3837.866
1457 3083.613 3879.848
1537 3393.289 4315.649
1535 3392.44 4369.892
2584 1545.412 4055.952
5970 1555.593 5095.854
5465 2992.831 4989.597
5457 2751.029 4995.542
2592 2457.472 4855.476
2589 2497.773 4925.695
2618 2550.375 5091.767
2608 2410.809 5160.871
2593 2144.827 4803.091
5923 1690.069 5329.544
2614 1792.305 5241.121
2605 2004.412 5148.982
2599 1945.022 5128.919
5374 897.2129 5803.24
5383 967.6324 5742.31
5394 973.5715 5706.643
5398 999.0243 5657.973
5424 1137.742 5552.831
5412 1083.867 5634.195
5955 1498.749 5357.037
126 6758.155 3764.675
334 5809.188 2891.217
335 5651.805 2834.374
328 5760.828 2807.252
3831 6094.685 3438.475
3826 6185.891 3399.836
3807 6214.737 3202.185
348 5923.726 3429.187
310 5356.128 3289.122
278 5359.521 3110.789
255 5523.692 3558.107
260 5501.633 3530.614
283 5770.161 3499.034
269 5291.223 3696.686
267 5244.984 3513.152
474 5638.23 299.0786
497 5280.618 1591.618
494 5396.428 1653.663
489 5777.797 1610.938
485 5693.378 1628.771
668 4468.248 3864.616
657 4585.331 3954.154
682 4845.798 3777.679
677 4767.743 3902.14
4275 4704.111 2787.561
4271 4757.986 2818.398
4269 5037.119 3061.376
276 5180.079 3526.156
285 5153.778 3545.103
5896 5022.695 3689.255
342 5017.605 3533.958
666 4813.982 3716.377
5898 3814.534 3024.223
674 3891.316 3268.316
692 3956.221 3329.618
708 3986.764 3391.292
5860 3930.768 3473.77
1074 3618.547 3020.137
1073 3655.453 2925.397
1072 3708.056 2769.356
1078 3646.969 2679.819
1118 3971.917 2657.899
1146 4098.757 2627.805
1102 3904.467 2551.642
1111 3940.949 2615.545
1097 3652.908 2505.573
683 4202.265 2938.772
706 4130.149 2877.471
4295 4495.821 2844.405
5905 4303.652 2845.519
4946 4480.125 5908.382
4947 4405.888 5854.51
4978 4206.932 5798.781
5637 4209.053 5978.972
5639 4133.542 5913.211
4977 4274.806 5804.726
863 4282.018 6468.271
867 4258.686 6447.838
4717 4774.955 6431.862
5636 4554.787 6435.206
885 4154.329 6457.498
876 4120.392 6375.762
1065 5835.065 6662.58
963 5300.131 6595.333
954 5259.831 6683.014
959 5158.868 6773.295
977 4942.095 6949.026
952 5172.443 6489.82
5682 3451.831 6356.071
5600 3386.501 6257.988
5687 3784.414 6218.234
5689 3720.782 6098.975
5520 3666.483 6365.359
926 3696.178 5610.789
904 3574.004 5589.241
899 3612.183 5679.521
5204 3441.225 5448.432
5139 3322.445 5336.974
5154 3361.473 5357.408
5665 3458.194 5991.232
5615 3218.513 5940.333
5115 3165.91 5741.566
5700 3109.49 5952.965
916 3962.584 5977.857
909 3998.643 5803.983
915 4055.911 5825.16
5658 4062.275 6012.409
5663 4047.003 6116.065
5661 3976.159 6020.211
1417 3627.879 4213.479
1369 3742.417 4389.583
1378 3708.48 4422.277
2699 3440.801 4346.114
2624 3632.122 4849.903
800 3733.084 4881.483
1716 4027.489 5020.063
827 4144.997 5186.506
1709 4230.688 5173.503
802 4064.82 5179.076
778 3965.554 5202.482
1699 4128.452 4953.188
1703 4044.458 4839.129
1719 3951.979 4734.73
4974 4040.64 5301.679
801 3815.806 5328.058
785 3723.328 5348.492
771 3618.547 5344.405
767 3569.338 5382.672
806 3434.862 5337.717
777 3296.568 5110.343
5171 3139.609 5216.6
5197 2876.596 5221.43
5452 2993.679 5065.76
5116 2913.503 5385.644
5135 3046.282 5394.933
1474 3120.519 4025.487
1454 3477.283 3959.355
1458 3605.396 3864.987
1431 3263.055 3605.291
1443 3019.556 3735.325
1464 2993.679 3927.032
2591 1504.263 3997.994
5455 2866.415 5044.955
5459 2699.699 5092.51
2613 2653.035 4960.618
2594 2462.987 4841.73
2602 2602.554 4944.271
5462 2562.253 5057.215
2611 2436.262 5169.416
2616 2360.752 5148.982
5922 1801.637 5313.939
5925 1611.589 5331.773
5924 1690.069 5401.62
2615 2073.135 5154.184
2601 1953.93 5108.486
5370 859.0336 5869.743
5386 975.6925 5741.938
5408 1043.567 5657.973
5414 1090.655 5624.164
5436 1214.101 5540.571
5404 1061.808 5667.261
5958 1442.328 5514.936
128 6782.76 3708.946
125 7007.593 3693.342
130 6702.583 3885.421
3860 5875.366 2891.217
4233 5602.172 2830.658
3889 5759.556 2672.76
3879 5838.883 2719.944
3846 6162.559 3500.892
3842 6034.022 3486.402
3834 6244.008 3455.565
3830 6154.499 3428.444
3806 6232.13 3192.525
3811 6157.044 3108.56
3809 6232.13 3237.479
3863 5952.573 3454.823
341 5913.121 3437.732
288 5310.313 3103.359
296 5385.398 3039.456
277 5479.999 3645.415
262 5555.933 3565.537
266 5458.788 3526.898
293 5819.37 3506.093
273 5286.557 3707.832
473 5765.495 89.53782
512 5108.387 1577.872
499 5278.921 1534.403
501 5289.526 1766.607
492 5812.158 1604.993
486 5732.406 1632.486
691 4385.102 3834.151
675 4475.459 3830.064
704 4407.161 3959.355
705 4760.956 3989.449
690 4622.237 4100.535
684 4848.343 3782.509
689 4810.164 3908.456
4279 4664.234 2723.287
4277 4682.051 2796.478
4270 4774.53 2814.683
4268 5053.663 3019.394
352 5137.658 3077.352
291 5130.021 3520.211
5897 5044.331 3769.505
679 4873.796 3694.828
302 5194.502 3677.738
330 5041.361 3520.583
671 4847.071 3702.63
703 3817.503 3307.326
5915 3803.504 3144.227
694 3951.555 3332.59
709 3982.098 3390.177
1534 3990.583 3562.194
5859 3879.438 3398.722
1080 3560.429 2933.943
1076 3644.424 3058.032
1077 3612.608 2860.38
1095 3533.28 2742.978
1127 3911.679 2690.965
1126 4070.335 2473.993
1113 3852.289 2481.795
1131 4063.123 2559.444
1108 3613.88 2451.33
696 4237.475 2907.936
5912 4128.452 2816.169
4288 4567.089 2771.586
4298 4476.308 2827.315
5906 4298.562 2838.089
4948 4480.125 5889.805
4950 4395.707 5824.417
940 4111.059 5812.528
5638 4150.087 5984.544
1755 4284.563 5688.066
4976 4319.772 5799.153
871 4284.139 6486.848
4716 4805.074 6445.608
4718 4724.473 6495.021
5635 4566.241 6457.869
938 4027.489 6469.758
923 4190.812 6545.178
881 4102.151 6379.477
1066 6245.705 6631.372
964 5318.373 6568.955
955 5254.316 6690.073
965 5138.93 6815.277
961 5164.807 6769.951
982 4931.489 6969.46
1003 5033.301 6981.35
995 4885.674 6918.933
956 5204.259 6425.546
957 5244.984 6529.574
5678 3467.526 6457.498
5595 3350.019 6256.13
5694 3846.774 6035.815
5690 3709.328 6089.687
5515 3711.025 6425.175
5619 3729.267 5651.657
824 3562.55 5557.661
932 3635.939 5749.368
5557 3479.829 5454.376
5641 3391.168 5427.626
5191 3463.284 5403.849
5138 3317.779 5334.374
5152 3346.201 5304.28
5156 3366.139 5357.037
5613 3213.846 5992.347
5617 3224.452 5876.802
5108 3117.974 5679.15
5126 3066.644 5781.691
5062 3047.554 6027.27
922 3946.888 5985.288
5622 3789.081 5662.431
5659 4099.181 5991.604
5657 4078.395 6008.322
5662 3937.556 6038.044
1491 3627.031 4185.243
1362 3772.961 4375.093
1390 3701.693 4476.891
2623 3676.664 4844.702
2625 3635.091 4863.278
1695 4245.535 5040.125
