1 1 0 95.95236 67.85103 36.52406
2 1 3 334.9276 59.41084 23.00201
3 0 2 359.6741 87.10269 9.571036
4 3 4 63.64943 26.80947 40.6435
5 2 5 137.5804 52.43892 50.88816
6 4 6 56.74657 49.68253 7.243943
7 5 7 314.7413 93.76151 24.90916
8 6 8 305.4734 90.15473 71.26263
9 6 9 377.394 14.8603 50.82092
10 7 11 487.5417 98.43027 3.388505
11 8 10 421.7937 17.34803 93.0983
12 9 21 499.8841 2.348597 41.39667
13 11 37 227.2136 39.52187 32.20079
14 10 12 52.11665 8.347162 143.9679
15 10 13 64.94166 57.94031 166.1633
16 21 27 35.26537 3.842197 33.67339
17 37 50 103.3687 15.34983 1.981919
18 12 14 14.76989 10.76325 139.2039
19 12 16 62.58961 18.75609 29.02302
20 13 17 54.94424 50.19327 22.74974
21 27 33 42.49715 51.24967 3.753793
22 50 59 193.0317 83.90746 46.74474
23 50 54 55.40317 48.63195 3.369121
24 14 18 64.93002 31.09756 11.18608
25 14 15 30.77428 90.85716 6.10833
26 16 20 35.13306 82.03542 24.14187
27 17 24 53.43404 26.49131 68.56709
28 33 66 421.8274 50.97382 82.13419
29 59 63 44.67945 96.83147 2.247227
30 59 61 28.19517 15.38076 0.453478
31 54 56 58.92032 20.97186 27.61476
32 18 23 44.41555 26.48754 32.75791
33 15 19 33.15651 93.04622 13.58257
34 20 25 30.31359 64.83701 36.09599
35 20 31 78.0427 28.54179 7.562495
36 24 28 13.29194 70.13466 16.25439
37 24 40 92.25298 83.52671 176.2265
38 66 78 279.7685 70.82941 13.69067
39 66 82 303.4385 47.89164 48.67665
40 66 74 193.4698 19.76802 30.65189
41 61 64 34.87333 57.20436 15.06439
42 56 58 67.19859 25.76914 64.39362
43 23 26 13.35655 30.47198 64.54221
44 19 22 28.92946 67.13248 37.74011
45 19 30 69.35722 43.01796 14.07837
46 25 32 38.61189 25.09185 121.6445
47 25 38 82.86368 49.58067 139.8985
48 28 43 93.03291 42.31858 54.81393
49 28 35 42.54887 23.75902 65.41039
50 40 42 7.769544 38.64791 116.6045
51 78 828 1426.648 40.2762 98.22504
52 82 713 499.8895 36.7109 127.7404
53 74 80 91.42865 7.521493 30.43183
54 74 92 191.2862 96.52437 86.399
55 74 96 204.4766 74.80592 28.04253
56 64 67 52.78945 60.15328 100.7644
57 58 62 50.20322 20.94169 10.17197
58 22 29 29.93743 59.14286 64.67675
59 22 36 72.04202 70.58965 41.66424
60 32 44 80.96897 82.0742 15.28093
61 43 52 99.28497 92.7541 14.2747
62 35 47 76.03954 81.69052 1.22141
63 35 34 20.84864 69.28317 16.0101
64 42 45 20.08478 61.70245 21.37849
65 713 711 603.4547 15.73865 159.7801
66 80 89 78.44202 47.89206 64.43474
67 92 104 41.573 92.65843 68.72732
68 96 105 28.83717 80.52963 17.84067
69 67 77 264.3065 94.51064 20.57376
70 62 65 41.86176 96.51782 6.61886
71 29 41 78.47091 56.90432 121.7826
72 52 51 18.40349 89.52362 13.75324
73 47 49 32.99702 20.74593 15.05751
74 34 39 35.91173 89.13466 49.01577
75 711 710 205.0511 91.23508 117.266
76 711 712 418.5076 50.21939 6.779327
77 89 110 99.70904 93.46271 84.05811
78 104 2685 71.08021 90.62573 12.81244
79 105 108 32.1415 78.05215 64.90144
80 105 2549 267.1841 75.96404 150.7077
81 77 85 69.22788 89.46207 67.86864
82 65 69 111.1441 46.50178 90.50381
83 65 68 108.4728 10.72856 24.77567
84 41 46 36.93969 37.65489 17.07712
85 51 53 14.20739 42.01638 85.1627
86 49 48 45.84811 91.30672 22.5884
87 710 631 372.6714 96.23745 70.41013
88 712 714 325.9999 10.52674 64.80805
89 110 2501 65.03371 62.38015 51.6796
90 2685 2686 163.0856 10.29644 7.647686
91 108 2641 41.94064 85.72694 79.88352
92 108 112 15.19373 90.37614 11.02805
93 2549 2546 78.55744 69.17804 150.8984
94 85 102 72.53455 51.78492 139.7522
95 85 91 37.7565 49.15702 40.64164
96 85 2567 257.6248 2.438769 21.18887
97 69 70 28.25495 21.53048 31.50332
98 68 72 85.66228 67.45209 4.293889
99 68 83 222.2538 19.32786 5.704539
100 53 55 55.60306 84.09375 32.78837
101 631 593 446.0118 83.16974 5.111595
102 714 731 308.5648 84.71362 24.05931
103 714 720 204.9813 98.72605 41.32783
104 714 715 92.87434 57.64039 3.687339
105 2501 2505 90.18662 67.85012 13.80329
106 2501 2502 56.92631 13.4596 0.6613835
107 2501 2503 75.273 92.87613 85.6457
108 2686 2689 123.4111 7.854693 0.8141784
109 2686 2687 96.99303 59.46721 30.19958
110 2641 2642 5.031873 72.63149 98.24979
111 112 115 10.9072 30.58692 20.45155
112 2546 2544 31.41139 26.01857 1.15639
113 102 109 43.23026 29.07534 52.02166
114 91 99 29.34832 36.50922 79.10862
115 2567 2559 97.98242 51.2973 54.44612
116 70 71 32.01336 18.79542 16.80325
117 72 76 76.89791 69.05814 32.59315
118 83 98 101.0774 2.374619 11.69325
119 83 88 50.10526 48.30176 5.533374
120 55 57 81.43188 18.67952 57.36576
121 593 592 374.5023 74.1852 79.35456
122 593 594 83.15216 60.71529 5.937873
123 593 595 133.2278 79.83064 7.381858
124 731 803 279.8048 7.439168 5.893653
125 720 724 44.45832 36.27942 14.84755
126 720 726 68.19847 15.07943 105.0705
127 715 719 100.7973 69.05143 2.786981
128 715 716 5.617048 51.80724 113.1973
129 2505 2506 22.08338 34.01828 157.0196
130 2502 2504 25.08792 87.35946 2.746559
131 2503 2507 50.07515 5.319468 79.32741
132 2689 2694 195.2088 97.23084 86.16039
133 2687 2688 22.93614 85.23796 168.1313
134 2642 2644 25.16138 30.56491 9.05148
135 2642 2643 19.86446 7.235689 32.79719
136 115 2648 11.43061 14.83621 41.97823
137 2544 2541 59.40138 9.425763 50.79337
138 109 2565 86.79768 15.84637 11.24358
139 99 5979 111.9726 3.816425 4.97344
140 99 5984 84.96698 16.30496 78.59327
141 2559 2550 142.9984 95.37648 15.46868
142 71 73 41.1488 18.64705 94.56005
143 76 81 51.71545 37.04198 93.03393
144 98 114 69.99536 38.70259 49.00088
145 88 90 22.48868 37.54962 43.76695
146 88 94 32.66413 36.12705 127.3791
147 57 60 26.00427 20.13476 100.0919
148 592 309 277.7162 3.892564 36.20515
149 594 596 57.72702 71.46529 2.964344
150 594 610 203.3541 80.31269 12.04744
151 595 597 31.28697 86.57493 14.5531
152 803 831 345.6152 73.14268 74.47566
153 724 738 95.03134 65.89431 5.527866
154 724 727 26.1136 79.85413 62.81861
155 726 733 43.98454 30.65871 47.71898
156 719 728 86.23334 49.78026 69.63472
157 716 717 85.08455 5.976821 27.81896
158 2506 2508 15.97559 69.14239 47.22606
159 2504 2511 108.5068 23.81697 0
160 2504 2509 63.85382 1.729865 63.05407
161 2507 2510 62.9757 21.7057 87.91003
162 2507 2515 207.7265 38.41521 22.69242
163 2694 1510 180.7341 26.93075 52.32619
164 2688 2690 57.3834 19.57864 96.35386
165 2644 2646 11.46826 15.24369 4.980634
166 2644 2647 14.28267 43.95178 12.21824
167 2643 2645 14.54245 72.6851 51.6799
168 2541 2539 65.71245 60.75843 31.61578
169 2565 2555 121.3273 59.47618 14.23643
170 5979 5981 32.40905 18.34063 108.9444
171 5979 5975 73.38676 48.7965 3.172168
172 5984 5985 58.41536 96.81047 25.80405
173 2550 2548 43.70749 46.83597 8.971523
174 2550 2553 99.80738 5.216897 74.53216
175 73 75 35.79009 81.62394 45.93783
176 81 84 43.92187 1.874529 24.9813
177 90 100 32.98707 81.23077 10.56922
178 94 107 68.14069 5.679821 82.5141
179 94 97 16.80917 56.94783 5.269951
180 309 270 128.9876 25.49673 42.49018
181 596 598 25.73938 90.48156 56.7425
182 596 599 61.43935 42.78309 4.849775
183 610 611 11.42322 73.09286 3.279826
184 610 619 84.35081 36.48759 164.1486
185 597 621 216.1685 21.48975 135.7113
186 597 601 65.94978 56.08297 11.09902
187 597 604 82.25699 8.293761 38.99197
188 831 829 375.0001 52.3181 35.55449
189 831 832 43.50445 85.97643 15.21865
190 831 837 107.2836 36.48106 29.10347
191 831 836 100.2309 97.56132 7.392909
192 727 736 61.24926 64.28903 102.5993
193 733 765 156.5161 27.9146 158.8384
194 728 729 4.975862 18.60238 6.296217
195 717 718 7.988805 17.6035 36.57742
196 2511 2513 74.4197 29.08535 0.8867583
197 2511 2512 53.23603 35.96241 6.172369
198 2510 2514 88.80643 98.57462 9.066301
199 2510 2516 154.8399 29.86141 135.4853
200 2515 2518 31.73116 53.80429 113.4708
201 2515 2524 131.6607 83.71095 14.09561
202 1510 1496 86.25291 37.19826 7.329348
203 2690 2691 87.38455 30.47968 16.61966
204 2646 2649 14.80562 6.318275 91.96589
205 2539 2542 108.318 73.65295 85.62118
206 2539 2538 7.6449 47.36951 56.96305
207 2555 2552 30.79517 24.59167 25.77746
208 5981 5982 19.35371 70.41939 4.421019
209 5981 5980 99.39275 56.74309 43.84122
210 5975 5971 67.26207 8.639157 9.124932
211 5985 5976 122.6996 13.0759 122.1724
212 5985 87 161.782 86.10396 2.567513
213 2548 2540 180.2128 40.53727 10.47214
214 2548 2557 163.1073 17.53261 24.00867
215 2553 2554 3.95976 85.20731 29.23164
216 2553 2560 88.83633 68.23058 119.639
217 75 79 59.45544 83.95026 62.72465
218 84 93 43.71801 34.17658 19.4518
219 107 117 36.79156 84.35096 20.67006
220 107 113 17.51161 30.45862 149.1096
221 97 106 48.06836 8.379654 24.4619
222 270 239 349.6546 70.59462 3.192539
223 270 591 588.6696 27.45093 47.88254
224 598 600 39.49537 47.2135 96.06197
225 599 603 36.46268 63.49078 11.20666
226 599 602 29.6479 63.49157 19.0323
227 611 663 294.8651 23.05761 3.795407
228 611 618 68.79481 51.34028 5.727426
229 619 643 109.6637 78.15025 57.00927
230 621 627 40.53164 96.82035 0.9271862
231 621 630 64.00824 63.7055 21.72155
232 601 606 27.1391 85.79462 68.49409
233 604 608 26.56521 23.86091 0.6310414
234 604 613 72.85069 50.18924 50.23176
235 829 830 262.9544 75.32815 9.845782
236 832 834 26.51863 39.71682 145.725
237 837 838 25.27791 47.1254 14.95925
238 837 845 84.2502 19.05639 19.84924
239 836 846 96.7627 84.39516 0.1105999
240 836 840 49.6678 30.29875 78.43388
241 736 755 90.67786 97.61429 45.14456
242 736 740 14.97464 1.635784 18.81601
243 736 790 217.3685 18.2536 50.94683
244 765 788 79.33872 20.73169 84.99481
245 765 774 34.44408 25.03179 103.8095
246 729 735 39.42387 23.56971 139.4629
247 729 732 25.61736 60.24318 59.27324
248 718 721 23.42833 25.18948 6.098999
249 718 746 196.5442 97.51403 22.86925
250 2513 2526 211.3687 26.75184 0.8501632
251 2512 2522 211.897 65.19803 151.1288
252 2514 2521 162.1111 24.61804 101.8406
253 2516 2517 11.2962 70.15932 2.69876
254 2524 810 80.71487 46.85214 23.72977
255 1496 1500 44.7762 49.50327 107.3424
256 1496 1490 96.47937 72.85639 1.917363
257 1496 1497 4.755827 32.04892 88.95476
258 2691 2692 18.79317 63.9574 21.76286
259 2691 2693 24.60521 30.78642 0.6760317
260 2542 2547 80.55525 7.621584 62.48451
261 2538 2537 124.5182 28.16395 113.745
262 5980 5977 46.73921 16.48079 8.902107
263 5971 5973 46.03386 37.82591 28.86445
264 5971 5964 91.09336 23.47806 14.60111
265 5976 5978 30.18922 96.57481 45.18374
266 87 103 64.67724 56.14829 4.956351
267 2540 2543 98.58881 20.16585 89.64638
268 2540 2536 151.7677 48.36295 85.11179
269 2557 2563 97.61095 82.64901 67.26889
270 2557 2566 108.8393 72.58364 23.79728
271 2554 2574 160.9725 58.24176 31.36923
272 2554 2562 112.0878 6.835271 116.953
273 2560 2572 62.25655 21.97548 54.08163
274 79 86 68.78996 34.06783 160.6342
275 93 101 26.0103 6.378549 3.89373
276 117 5983 84.72348 3.847916 2.999022
277 113 5962 71.23233 19.45087 33.68129
278 106 5992 101.5728 59.38647 10.17913
279 239 238 64.19254 72.69438 58.35321
280 591 535 499.3578 25.9186 0.1138288
281 603 609 35.9103 2.937615 137.4333
282 602 605 24.97378 94.18652 61.0859
283 663 313 147.5235 46.93029 21.59407
284 663 687 108.669 40.78652 41.66916
285 618 625 49.84531 45.36912 165.4114
286 643 655 50.61936 78.13054 49.42372
287 627 629 19.90337 80.15473 127.0572
288 627 667 207.1617 43.15796 54.41234
289 630 644 35.94162 73.65804 7.941652
290 606 623 128.3966 9.581743 18.25684
291 608 612 28.98545 13.79846 27.79392
292 830 833 178.1761 86.3142 7.041656
293 834 835 29.88857 70.18456 23.67269
294 838 842 48.46279 28.94751 44.23733
295 845 894 184.1338 30.67514 93.95241
296 845 866 98.12234 67.28542 6.201138
297 846 848 4.174042 45.76398 25.38162
298 840 844 38.18101 42.39072 66.45512
299 840 851 76.16427 70.3186 36.39315
300 755 769 61.79171 19.70856 110.4938
301 755 805 172.1349 85.7319 83.76541
302 740 742 15.09751 30.87596 52.59265
303 788 1415 134.5147 96.70581 70.88632
304 774 813 118.845 73.52969 24.78819
305 735 741 40.05399 73.49258 41.00345
306 732 753 107.7299 93.84717 0.055352
307 721 737 123.8885 36.41907 34.1766
308 721 722 5.201172 98.61745 32.74101
309 746 779 139.125 68.74502 49.40639
310 2526 2533 70.72598 56.8349 13.15776
311 2526 2532 32.92651 85.62092 13.96607
312 2522 2525 12.01987 28.19341 36.39495
313 2522 2527 16.22468 82.90641 32.28275
314 2521 2523 17.59027 75.43813 25.18966
315 2517 2519 62.76485 19.56037 3.465113
316 2517 2520 79.3605 48.3769 116.1942
317 810 2619 148.303 4.912687 73.43504
318 810 2702 102.1883 96.05247 80.74338
319 1500 1405 168.3263 75.63492 93.17949
320 1490 1462 279.3223 38.75141 131.6084
321 1490 1494 58.02735 23.85018 14.85771
322 1497 1499 28.42025 17.69524 50.25694
323 2547 2551 109.3351 68.7495 8.74558
324 2537 2535 78.82035 83.60216 0.5312111
325 5977 5972 99.47542 3.715846 47.64961
326 5973 5974 5.418854 87.40351 15.22808
327 5964 5968 50.07931 47.62831 4.817142
328 5964 5961 51.26287 35.89014 38.65262
329 103 111 50.50332 98.50214 19.45588
330 103 5988 136.1808 25.4968 51.86209
331 2543 2545 27.5812 67.1893 38.52404
332 2536 2534 110.4779 86.07433 65.47132
333 2563 2569 114.1642 72.08362 22.06031
334 2566 2568 13.17159 49.85162 27.75159
335 2574 2578 58.50491 45.13861 3.14275
336 2574 2581 74.87463 91.26785 17.13637
337 2562 2570 32.95211 5.843692 27.14347
338 2562 2577 107.3796 79.13842 38.97684
339 86 95 37.755 21.6544 151.76
340 101 5430 158.2979 23.94068 115.9955
341 101 116 80.99867 13.96207 28.79026
342 5962 5960 27.77585 68.3915 131.0248
343 238 237 358.9902 95.03182 97.25309
344 238 242 215.0973 53.26941 43.54735
345 238 240 114.6712 73.84057 51.69732
346 535 491 431.2435 31.86043 13.54722
347 605 607 6.372676 46.79321 18.27539
348 313 4284 223.5574 68.51375 53.60596
349 313 304 26.31964 9.852437 103.7779
350 687 688 17.8322 80.27542 9.387784
351 625 634 44.27713 83.51476 39.10241
352 625 626 15.2089 68.7254 39.61081
353 625 639 49.17675 26.37541 78.51479
354 655 681 148.9406 42.17095 144.8836
355 655 676 141.6961 45.86793 127.0084
356 629 636 21.77357 24.80396 25.2081
357 629 637 22.67151 24.06538 100.677
358 667 701 114.2934 1.896342 29.89958
359 644 659 108.5371 67.81531 111.1946
360 644 649 39.43452 68.01293 5.415112
361 623 632 62.44057 41.79631 8.919524
362 623 624 25.49064 6.178349 12.98344
363 612 615 37.21333 95.74613 59.88441
364 833 841 92.14258 49.26109 153.9046
365 833 839 68.40821 39.26784 5.846475
366 833 947 522.1827 93.45703 13.63182
367 835 869 199.8686 21.50478 60.36037
368 835 843 86.2716 16.20938 145.6593
369 842 852 45.69727 42.69083 24.71402
370 894 920 69.90291 92.18034 12.61763
371 894 918 61.17923 5.317469 1.829704
372 866 893 110.0706 93.70654 182.6808
373 866 880 51.20964 97.41258 15.50433
374 848 849 4.277745 75.42698 31.03388
375 844 856 72.11742 15.29861 39.9706
376 844 859 78.15828 8.376594 3.612582
377 851 874 86.5685 42.51698 124.2895
378 851 870 74.31002 90.47631 0
379 769 804 104.1555 94.03159 14.14959
380 805 2639 141.7915 19.67052 55.28772
381 742 745 13.00342 72.01944 111.5686
382 1415 1403 92.77221 2.394185 64.12251
383 1415 1419 33.67445 71.26895 2.205092
384 1415 5892 357.1544 10.95368 9.113882
385 813 2631 43.44994 15.04239 9.498944
386 741 744 15.39986 89.64153 18.16626
387 753 757 25.35256 28.91743 170.9741
388 737 752 78.13808 92.08138 63.5485
389 737 743 86.07107 18.35761 9.02523
390 737 751 72.38857 75.94263 101.733
391 722 723 7.905367 34.08766 116.1025
392 779 809 110.6095 71.8054 32.80248
393 2525 2528 10.15087 4.581362 33.70057
394 2527 2530 19.47967 64.23751 53.37596
395 2519 2531 78.12991 28.41609 31.02021
396 2619 2620 63.40276 82.3547 135.121
397 2702 2703 145.8971 6.754382 61.64677
398 2702 2701 8.120736 4.196753 3.314367
399 1405 1400 38.81951 21.7936 57.80974
400 1462 1463 16.7696 2.874563 6.003455
401 1462 1460 25.77048 42.67598 155.7213
402 1494 1495 27.39112 43.12581 0.2285816
403 1499 1520 100.9255 17.25683 65.14592
404 2551 2558 58.37508 49.6273 4.765792
405 5961 5957 91.76422 43.97658 24.86318
406 5961 5963 30.32953 27.56305 0.5848731
407 2545 2556 209.2084 35.64279 30.26335
408 2569 2579 85.47373 58.24937 83.45442
409 2569 2561 50.78479 30.51873 48.97891
410 2568 2576 59.27406 5.827914 19.44621
411 2578 2587 68.02127 93.62054 53.00554
412 2578 2583 30.89993 84.79125 194.8669
413 2570 2582 97.64061 25.30872 38.5714
414 5430 5406 148.2393 74.09186 38.58933
415 116 5448 15.00742 40.23857 38.10474
416 5960 5956 117.2287 43.92109 41.27725
417 5960 5966 70.48077 81.23569 79.59604
418 237 236 208.6629 95.78127 153.7103
419 242 253 108.2554 59.1486 66.62905
420 242 256 120.042 24.8956 128.0647
421 242 254 112.59 29.18657 57.69689
422 240 241 45.22942 13.50783 101.6559
423 240 244 111.0749 29.57634 15.85045
424 240 243 101.2946 8.563419 59.30497
425 491 479 214.5434 14.27385 17.99711
426 607 614 65.78513 87.9253 113.0353
427 607 616 82.73856 57.12439 51.45652
428 4284 4276 139.8097 86.29347 37.41807
429 304 294 27.08035 47.68932 9.649368
430 688 680 26.00684 81.69473 122.0529
431 634 646 26.82245 59.20765 142.2187
432 639 648 31.84609 53.68491 4.319468
433 681 4289 86.21702 17.35085 0.4456815
434 676 4286 152.1823 63.80217 12.64426
435 676 702 71.08021 56.32895 40.44755
436 636 645 18.63172 52.96713 39.49182
437 637 669 176.1449 51.78049 21.80609
438 701 1067 58.97841 78.24911 84.21745
439 701 1115 32.92389 37.51286 57.18031
440 659 664 4.202058 13.49873 98.25304
441 649 640 27.17277 52.49607 54.88964
442 632 633 12.35766 10.28937 15.2671
443 632 638 16.06084 47.03619 40.8998
444 624 641 62.38182 4.829357 9.14963
445 615 617 22.46414 23.87459 4.908471
446 841 890 205.4651 78.60931 9.514914
447 841 857 103.0867 25.87017 155.2028
448 839 853 100.6845 15.24674 89.97391
449 839 847 66.20331 87.91502 118.9717
450 947 948 245.8553 24.61308 90.99236
451 869 877 31.85276 21.70436 65.81283
452 869 911 122.4279 96.48057 114.4117
453 843 860 80.16992 84.59362 54.70259
454 852 862 47.01001 39.24176 27.95909
455 920 931 26.43246 94.72861 9.620488
456 920 929 24.4011 56.19724 57.48162
457 918 928 28.4228 85.12436 2.9077
458 918 5201 140.6838 84.21371 31.11285
459 893 901 28.265 73.06548 48.52546
460 880 897 51.06955 84.09351 45.4991
461 849 850 4.604553 17.24861 46.62715
462 856 872 42.93328 65.32978 17.09541
463 859 861 4.814767 67.30592 52.99016
464 874 875 13.57471 93.10543 10.40977
465 870 873 9.231143 30.72462 14.96862
466 804 2636 92.5208 62.87392 133.6394
467 2639 2638 40.26357 38.57901 4.872066
468 2639 2640 51.54048 98.2347 20.0248
469 745 748 13.17528 69.24107 55.49467
470 1403 1393 54.35532 52.89611 14.64031
471 1419 2696 52.65999 75.61439 145.1746
472 2631 2628 34.59738 82.9753 111.8476
473 2631 2632 50.24556 3.742619 107.218
474 744 749 27.2321 46.27853 68.35905
475 744 789 188.7691 85.49362 47.03306
476 757 766 37.75695 59.36121 59.55136
477 757 780 83.99767 49.71285 81.18819
478 752 770 101.6592 82.47639 29.1518
479 752 758 107.8885 21.47636 2.452739
480 743 734 51.86482 13.24866 30.99821
481 751 762 46.6059 58.14638 55.30713
482 723 725 28.97979 49.02766 13.55494
483 809 5203 66.24411 26.4759 41.47909
484 809 792 43.77814 83.47206 13.04523
485 2528 2529 13.50559 64.03973 133.1017
486 2620 2621 54.42081 72.90385 38.06977
487 2703 2704 37.19412 3.485629 23.65914
488 2701 2700 51.66612 40.12598 36.33976
489 1463 1466 31.04744 12.79568 16.31978
490 1460 1444 226.5663 72.80693 10.2438
491 1460 1455 60.43214 73.04169 9.851274
492 1520 1522 15.11816 63.72419 50.75148
493 2558 2564 103.9873 74.35129 41.25226
494 5963 5965 29.5299 82.07454 8.419794
495 2556 2571 139.2202 67.51935 26.47102
496 2579 2580 6.979262 56.43121 114.1414
497 2579 2590 89.66121 46.90282 33.02875
498 2561 2575 76.76664 28.7144 57.21236
499 2587 2598 74.75637 34.92719 24.48855
500 2583 2588 46.84221 8.615743 142.2558
501 5406 5390 99.35044 49.01538 7.868834
502 5448 5423 210.6398 80.29352 127.2194
503 5956 5954 132.5648 4.295678 80.43977
504 236 184 332.3536 40.63792 35.69854
505 253 292 177.1255 59.61402 127.709
506 256 265 49.20393 47.91833 60.28029
507 256 3816 407.9592 10.52698 76.63453
508 254 257 7.77901 34.07517 35.81218
509 254 280 114.5697 68.52175 12.83151
510 241 245 78.40853 3.695874 142.4906
511 244 249 63.22157 94.30679 41.8027
512 244 252 93.93192 5.174689 192.5219
513 243 248 61.60793 92.6418 28.27822
514 243 247 57.04685 50.38162 63.03849
515 479 478 294.8337 80.67542 33.61444
516 479 481 59.00794 87.62535 59.03727
517 479 482 97.26501 82.30955 6.197721
518 614 620 50.73398 2.584973 113.5207
519 616 635 115.5034 94.36705 51.03466
520 4276 4278 31.74607 2.741638 13.37947
521 4276 4282 105.792 89.43762 1.741436
522 4276 4274 37.63343 6.981732 17.08782
523 294 258 163.7903 29.63817 36.66343
524 680 670 35.20996 31.59043 108.9597
525 680 685 13.57471 49.20676 62.47242
526 646 651 21.68623 79.43581 9.830552
527 648 656 49.45441 56.14839 58.65307
528 4289 4294 83.39478 13.98567 63.03215
529 645 698 250.0125 26.47591 54.51096
530 645 653 48.84556 61.28491 6.208826
531 669 686 52.58432 64.13892 14.09866
532 1067 1070 172.3793 8.712653 113.8131
533 1067 1068 78.57248 97.36845 11.41224
534 1115 1143 179.4791 59.23871 34.9634
535 1115 1079 273.7957 69.17053 115.5848
536 664 665 8.235494 35.71429 99.82376
537 640 650 31.14233 28.76359 0.6569253
538 633 642 15.93507 73.89251 108.4087
539 641 647 15.97559 50.3629 18.56249
540 617 622 18.9302 63.28402 31.93534
541 890 917 70.72697 13.04797 11.27644
542 890 902 46.81971 17.52689 14.15785
543 857 878 75.91013 79.28436 1.515762
544 857 892 108.609 89.05218 11.75045
545 853 854 12.31315 32.60587 118.2206
546 847 855 49.74151 17.59362 65.69192
547 948 949 153.1562 70.84621 53.66832
548 877 919 109.2422 56.32917 53.66745
549 911 944 71.00893 91.72057 105.6985
550 911 5527 124.9535 35.74292 40.07319
551 862 868 20.82788 18.5721 27.13523
552 931 933 4.108857 91.53248 4.642565
553 929 5675 51.46846 24.8167 70.55112
554 928 945 35.50039 65.2849 51.1278
555 928 5642 47.56323 56.91472 21.55042
556 5201 5187 61.99178 81.26044 93.01687
557 5201 5674 83.67159 41.60296 52.40194
558 901 905 11.9189 58.79206 93.17808
559 901 908 16.96851 34.50789 103.6047
560 897 912 30.52258 46.78195 61.74505
561 897 906 25.80877 23.70862 135.3766
562 872 903 108.311 56.41838 35.23889
563 872 889 57.40342 48.25174 9.807962
564 872 887 53.45542 19.23709 19.9028
565 861 864 14.85601 64.20894 125.4171
566 875 883 23.0805 68.75243 91.86598
567 2636 2637 12.01951 97.30463 0.4993698
568 748 750 15.52641 98.71523 22.89125
569 1393 1398 29.83905 6.158294 36.06044
570 1393 1387 38.32559 37.81429 44.01838
571 2696 2695 20.71703 95.87062 109.235
572 2628 2627 28.54724 58.71609 59.30604
573 2628 2630 19.60187 43.1851 47.23523
574 2632 2633 28.62153 27.34569 38.08568
575 2632 2634 38.78409 96.1783 98.45848
576 749 756 29.8432 78.60593 8.270597
577 749 754 18.58475 47.65892 179.0682
578 789 825 109.0333 96.8147 44.33342
579 766 783 53.73025 70.43626 31.1571
580 770 798 91.94872 71.05824 58.18312
581 770 793 102.1506 38.26709 7.966195
582 770 761 32.75064 26.0359 32.14252
583 758 768 40.75762 15.62095 0.9289957
584 734 747 68.76514 5.683714 44.23397
585 762 764 78.25356 18.53963 15.29824
586 725 730 43.26783 68.21945 58.99261
587 5203 5215 32.3806 50.39428 0.3076586
588 5203 5463 52.20171 8.923416 17.80416
589 5203 5141 191.9455 31.04927 22.65951
590 792 782 31.99097 21.85707 52.91194
591 2621 2622 85.43501 29.76813 72.3019
592 2704 2705 224.6308 36.15927 27.09556
593 1466 1469 23.39386 89.65271 61.8575
594 1444 1445 19.86446 3.542618 6.945662
595 1444 1441 129.1439 48.19675 79.2743
596 1455 1451 16.00577 64.90159 37.26356
597 1522 1530 54.52436 31.6789 18.40778
598 2564 2573 38.16258 4.756213 90.82125
599 5965 5967 29.94451 20.16588 2.096485
600 2571 2604 261.2275 10.83976 74.33485
601 2580 2586 32.18316 49.76204 183.9461
602 2590 2596 40.69453 36.15489 14.53162
603 2575 2585 97.50531 37.82061 32.09599
604 2598 2610 69.41598 91.70438 34.06086
605 2598 2607 53.23381 49.78123 12.65165
606 2588 2600 76.53467 80.17944 1.864649
607 2588 2595 53.51428 26.37955 64.22817
608 5390 5379 72.37093 40.32759 12.82833
609 5390 5396 31.76126 48.02954 126.7728
610 5423 5421 17.60893 58.39672 61.64095
611 5954 5953 63.3033 56.40219 26.84923
612 184 129 369.5379 42.60753 127.8856
613 292 306 35.26534 6.251493 143.9525
614 3816 3822 115.8146 47.2968 39.7776
615 3816 3815 6.203155 61.42571 24.18087
616 3816 3829 184.2837 52.80491 64.85302
617 257 298 180.0326 85.74303 7.705034
618 257 259 5.210911 56.89321 109.3852
619 245 250 74.24608 79.4632 30.73542
620 245 246 14.4997 59.28741 21.04249
621 249 274 132.5623 3.875492 3.748343
622 248 261 84.77857 86.73043 34.3017
623 247 251 44.93322 25.83914 1.531595
624 478 476 545.7198 93.65417 150.243
625 481 488 122.4222 49.52317 0
626 482 484 20.7999 18.70366 71.90586
627 482 483 16.34717 76.01535 35.97752
628 620 652 136.955 65.81731 9.59516
629 635 662 130.6337 32.80576 12.65971
630 4282 4272 159.29 62.35709 54.93079
631 4274 4273 16.6484 51.06375 32.84779
632 258 263 28.81681 26.4532 9.440251
633 670 658 73.05936 46.27311 66.88271
634 685 345 113.5017 94.1572 122.7797
635 685 353 32.59004 79.63204 66.14106
636 651 654 21.63477 87.36142 47.07836
637 656 660 42.93139 25.76483 5.005948
638 698 5899 46.32349 54.0633 3.879238
639 653 661 61.17454 2.546938 86.49939
640 686 678 80.97026 85.26319 41.93076
641 686 700 45.73128 83.47205 89.61779
642 686 697 38.66096 16.57024 122.4563
643 1070 1071 17.18119 59.28406 37.85861
644 1068 1069 49.26375 90.62435 166.8633
645 1068 1075 226.616 30.95813 60.51192
646 1143 1120 112.1894 49.25806 141.6676
647 1143 1161 57.81962 24.78635 1.106931
648 1079 1100 173.0284 15.03248 88.85844
649 1079 1085 57.9994 57.42894 16.82969
650 650 673 158.7551 48.61254 136.6654
651 650 672 152.9577 5.169823 3.762722
652 622 628 43.7408 27.16854 119.9272
653 917 4945 79.49818 81.95625 55.27821
654 917 4952 80.32774 3.275948 14.88152
655 902 935 67.03 69.20348 29.75097
656 902 925 44.21191 54.32961 56.88345
657 854 858 18.33064 93.18571 156.6889
658 854 941 238.7943 81.64207 76.18958
659 855 879 87.14618 4.657129 0
660 855 865 36.55045 21.37069 11.8233
661 949 953 166.1595 76.12583 153.606
662 949 951 123.8578 14.69058 77.54824
663 949 950 78.32399 93.64202 128.3728
664 919 5668 91.33013 48.76309 38.1759
665 919 921 4.994941 28.7965 86.01992
666 919 930 30.56501 10.5248 173.2161
667 944 5640 168.5166 42.97311 44.29597
668 944 5688 87.20535 13.09857 107.6275
669 5527 5525 12.11174 52.10468 3.136539
670 868 886 61.54423 49.21581 7.220129
671 933 943 12.77208 76.10439 122.3579
672 945 5556 24.36216 73.95028 13.27711
673 5642 5210 40.32868 17.28903 183.8992
674 5187 5150 103.5466 64.93578 0
675 905 927 48.39473 84.52707 17.32079
676 908 934 57.72304 3.892746 96.45264
677 912 914 4.386207 56.32971 58.43729
678 906 936 60.85257 2.965784 4.47001
679 903 910 10.03125 26.98535 45.22382
680 889 895 24.90012 45.62874 129.2919
681 889 5660 181.2984 85.70491 24.04602
682 750 760 46.1054 53.82407 131.7804
683 1398 1404 41.66536 73.45281 19.74612
684 1387 1372 67.3228 98.26346 133.3142
685 2695 2697 36.67799 23.40787 5.426811
686 2695 2698 45.78125 10.87424 58.19775
687 2627 2629 34.94598 73.82165 44.36892
688 2627 2626 14.03156 85.42679 6.745438
689 2633 821 52.00386 95.02177 3.599585
690 2634 2635 29.02864 35.47183 78.49034
691 756 795 135.5873 28.76054 184.7381
692 756 820 208.271 43.59027 12.26975
693 754 772 68.61153 62.41378 91.95154
694 825 1711 61.93952 39.87125 20.24121
695 825 1713 147.5063 63.89201 12.9543
696 783 794 35.40519 20.89763 0.4005893
697 798 811 37.5882 21.08348 11.69536
698 798 791 28.249 6.917845 57.18285
699 793 784 30.75986 43.26879 31.967
700 768 775 61.1885 46.82092 50.35911
701 747 759 59.7364 51.72047 1.998098
702 747 763 70.19051 83.71593 35.92704
703 730 739 46.03161 98.42564 84.56432
704 5215 787 116.1303 10.27539 10.38612
705 5463 5464 86.50275 72.86015 1.782581
706 5141 5161 56.40531 31.50972 26.38734
707 5141 5176 93.11728 14.86732 41.47451
708 5141 5123 142.2657 24.50637 34.98773
709 782 2683 326.6013 75.24302 29.74409
710 782 2684 150.0821 31.2461 22.88423
711 782 773 33.22428 10.63789 11.92604
712 1469 1472 24.31613 56.2798 51.05536
713 1445 1447 46.41386 23.7985 31.28391
714 1441 1436 67.24653 38.91475 29.6412
715 1451 1448 54.41876 14.03679 70.63296
716 1451 1457 43.30988 31.78255 21.2282
717 1530 1537 46.256 76.39458 7.42247
718 1530 1535 38.9861 24.01839 88.87971
719 2573 2584 93.29159 57.03962 41.87178
720 5967 5970 25.02869 2.916437 95.56286
721 2604 5465 214.4395 13.8459 18.24044
722 2604 5457 82.54993 5.349682 15.08106
723 2586 2592 70.32248 74.68319 50.80122
724 2586 2589 36.48242 93.6471 15.70102
725 2596 2618 127.7079 62.5138 115.8009
726 2596 2608 72.31564 20.83742 108.7923
727 2585 2593 76.41359 12.58734 37.97172
728 2610 5923 61.88308 23.86914 28.71267
729 2600 2614 102.1616 56.21794 105.0346
730 2595 2605 57.7517 21.54808 40.3819
731 2595 2599 17.54417 30.56718 4.87786
732 5379 5374 70.34301 93.20678 60.01519
733 5379 5383 39.51485 41.0254 105.3306
734 5396 5394 31.63591 60.19483 160.797
735 5396 5398 24.31946 28.74536 9.142341
736 5421 5424 73.39195 78.16249 10.10437
737 5421 5412 72.65677 28.36575 85.76617
738 5953 5955 97.27128 13.08724 98.17072
739 129 126 102.6858 82.79506 71.76344
740 306 334 82.62614 42.87104 14.38661
741 306 335 84.87515 51.80743 39.95073
742 306 328 66.8319 36.08275 42.54292
743 3822 3831 91.8602 41.65279 0.5773402
744 3822 3826 27.76257 41.60793 44.98833
745 3815 3807 157.9928 82.65432 40.93269
746 3829 348 20.71104 17.96521 196.889
747 298 310 30.59988 48.60153 171.3065
748 259 278 95.22815 90.48526 45.52065
749 250 255 21.8139 58.49013 31.27573
750 250 260 30.52234 91.07385 28.85575
751 246 283 199.3765 26.83941 41.21871
752 261 269 42.55334 50.98361 49.52049
753 251 267 75.40707 56.39178 34.66965
754 476 474 485.1138 59.14026 32.30899
755 488 497 122.1761 74.10968 63.09208
756 488 494 61.63114 21.54631 20.05642
757 484 489 75.99271 26.78543 85.03655
758 483 485 13.35665 23.1766 42.62417
759 652 668 116.1917 47.0124 24.38042
760 652 657 51.10129 72.45109 19.75267
761 662 682 114.6117 68.91432 91.8486
762 662 677 82.47095 27.6189 7.941809
763 4272 4275 48.77806 80.56123 8.700277
764 4272 4271 30.39594 48.06275 40.67192
765 4273 4269 117.7687 61.5928 25.48792
766 263 276 61.86468 48.65712 5.915853
767 345 285 181.2751 21.63795 24.2976
768 345 5896 38.81699 10.45872 176.8643
769 353 342 25.246 61.59328 70.06183
770 660 666 21.6433 71.30493 17.8002
771 5899 5898 59.22525 39.25874 129.4373
772 661 674 69.66004 8.724159 25.39639
773 678 692 46.97155 12.87096 101.7643
774 700 708 14.39306 84.96175 16.53202
775 697 5860 148.2491 18.70237 85.70869
776 1071 1074 78.51086 57.16328 15.8428
777 1071 1073 77.36038 86.54792 53.68834
778 1069 1072 115.9992 14.98207 1.632358
779 1075 1078 51.02596 93.86502 1.100254
780 1120 1118 25.55995 96.41029 103.3136
781 1120 1146 123.0164 52.91461 91.82635
782 1100 1102 8.491878 38.12905 13.45794
783 1100 1111 74.62533 98.06127 90.03767
784 1085 1097 92.33125 85.92715 50.37062
785 673 683 22.08265 37.49052 52.40747
786 673 706 86.93135 58.37429 42.57557
787 672 4295 165.6757 53.86274 21.25966
788 672 5905 140.5926 59.01276 73.46284
789 4945 4946 59.7207 23.54979 43.57962
790 4945 4947 69.51265 1.938425 33.24368
791 935 4978 112.9515 72.89307 26.90639
792 935 5637 67.25145 25.91369 27.7173
793 935 5639 74.67641 46.72532 105.4202
794 925 4977 62.04637 52.1379 61.68954
795 858 863 16.43499 35.81709 48.13582
796 858 867 25.36021 38.51693 106.0765
797 941 4717 259.0794 37.96584 122.5803
798 941 5636 63.66999 24.09636 14.09199
799 879 885 18.30167 38.64209 67.33925
800 865 876 39.47745 36.59822 108.6195
801 953 1065 568.556 5.421796 0.0303323
802 953 963 85.25503 21.60874 29.08867
803 953 954 11.50391 1.329857 106.8698
804 951 959 115.8695 46.38503 11.38046
805 951 977 247.3784 83.54171 17.62126
806 950 952 64.21859 75.89604 34.63237
807 921 5682 100.3443 48.76593 35.5528
808 930 5600 33.98805 59.04368 78.22276
809 5688 5687 139.217 78.0517 55.90023
810 5688 5689 28.79549 52.94861 1.364898
811 5525 5520 55.43879 25.46917 72.7117
812 886 926 103.9211 85.96721 2.590172
813 886 904 55.64354 50.89173 35.77959
814 886 899 42.39442 70.92358 73.14742
815 5210 5204 15.15462 72.54611 33.00412
816 5150 5139 38.16616 90.42176 36.6928
817 5150 5154 5.894722 9.537812 43.98251
818 927 5665 72.99953 18.03752 6.151166
819 934 5615 50.48145 64.81572 2.320812
820 914 5115 77.00476 13.06975 10.77892
821 936 5700 113.013 32.81955 27.16483
822 910 916 10.04022 91.24731 20.82725
823 895 909 34.6012 1.375948 127.5424
824 895 915 42.68048 61.48098 16.47653
825 5660 5658 36.12644 50.38162 24.34945
826 5660 5663 99.81055 46.98035 8.725568
827 5660 5661 50.51561 35.27901 38.73312
828 1404 1417 99.74581 19.30548 4.966098
829 1372 1369 14.39282 21.6859 139.0237
830 1372 1378 35.48225 74.1582 53.87141
831 2698 2699 69.59608 39.65149 34.57126
832 2626 2624 15.88404 31.57205 24.24199
833 821 800 60.74834 29.56483 22.25003
834 795 1716 98.30353 67.8541 126.0332
835 820 827 20.50441 60.49258 19.16356
836 820 1709 84.32218 7.643258 21.9662
837 772 802 94.0166 98.5731 11.27428
838 772 778 30.96047 26.35871 50.23892
839 1711 1699 95.0307 23.70585 87.68205
840 1711 1703 113.4816 67.18054 153.6214
841 1713 1719 70.04391 20.61949 0.09308698
842 811 4974 64.05828 97.60255 102.6572
843 784 801 51.96407 70.94363 23.32007
844 784 785 64.7951 86.27395 56.2311
845 759 771 41.45572 34.82502 80.2341
846 763 767 24.81595 64.8912 19.21203
847 763 806 139.7955 54.71863 23.7388
848 739 777 172.4112 86.74213 105.5133
849 5161 5171 33.01973 69.24578 6.259593
850 5176 5197 81.94154 13.76549 31.65465
851 5176 5452 162.8647 62.87035 76.2079
852 5123 5116 64.84599 51.06397 24.73846
853 5123 5135 106.4338 46.21088 26.88013
854 1472 1474 32.75517 31.40897 15.57081
855 1447 1454 81.84586 18.54274 103.1058
856 1447 1458 132.9562 24.08594 2.217026
857 1436 1431 126.7028 60.42853 141.4062
858 1448 1443 127.0929 28.10436 16.24468
859 1457 1464 101.5594 95.38611 125.7158
860 2584 2591 71.08012 75.02148 85.52182
861 5457 5455 125.5215 68.94106 14.64135
862 5457 5459 109.7165 26.87355 6.466465
863 5457 2613 104.0307 9.386142 37.16977
864 2592 2594 14.81112 45.08127 12.10116
865 2589 2602 106.4147 49.12376 5.504649
866 2618 5462 36.53687 3.819246 40.40756
867 2608 2611 26.8487 60.48732 4.584296
868 2608 2616 51.44991 51.6439 12.71601
869 5923 5922 112.6543 19.04857 23.45815
870 5923 5925 78.51126 21.08965 84.76919
871 5923 5924 72.07568 76.93258 9.923688
872 2605 2615 68.91924 90.84351 15.62062
873 2599 2601 22.29108 52.04317 5.627978
874 5374 5370 76.68308 73.08125 73.83475
875 5383 5386 8.068619 38.05647 12.58847
876 5398 5408 44.54248 64.59714 1.360525
877 5424 5414 85.47313 1.248653 10.23296
878 5424 5436 77.33652 73.40216 12.04968
879 5412 5404 39.74875 43.02817 53.16111
880 5955 5958 167.6763 18.63709 7.81304
881 126 128 60.91882 79.63821 6.817078
882 126 125 259.4373 25.87065 118.1834
883 126 130 132.9204 21.67349 32.36096
884 334 3860 66.17725 72.13651 57.38215
885 335 4233 49.77214 74.28096 91.3074
886 328 3889 134.4985 10.92735 59.00042
887 328 3879 117.1128 81.24606 25.56553
888 3831 3846 92.2103 12.68735 115.3514
889 3831 3842 77.31058 37.85621 0.1378618
890 3826 3834 80.51913 69.71303 5.782035
891 3826 3830 42.47153 26.59318 101.0789
892 3807 3806 19.895 54.39268 44.86985
893 3807 3811 109.9731 20.15938 0.6162298
894 3807 3809 39.3476 91.26379 36.51047
895 348 3863 38.59158 46.90823 80.92236
896 348 341 13.61931 98.73421 7.885489
897 278 288 49.76681 69.70152 137.6811
898 278 296 75.88158 38.50721 5.963718
899 255 277 97.63167 65.92814 9.740629
900 255 262 33.0854 7.154629 12.22194
901 260 266 43.00649 57.06144 11.2302
902 283 293 49.71272 24.50614 76.55056
903 269 273 12.08321 30.84752 82.42052
904 474 473 245.1604 63.90248 35.37294
905 497 512 172.7787 32.06847 48.31686
906 497 499 57.24024 76.43812 40.06292
907 494 501 155.5132 45.20679 4.068929
908 489 492 34.87173 62.54179 26.77863
909 485 486 39.20427 49.23756 118.928
910 668 691 88.55156 58.93462 42.11716
911 668 675 35.2963 43.59807 13.22858
912 657 704 178.2458 67.30429 56.21219
913 657 705 179.1365 93.21706 26.72128
914 657 690 150.9625 94.15027 16.88907
915 682 684 5.459297 16.84937 108.3963
916 677 689 42.88902 13.67505 65.20043
917 4275 4279 75.63908 38.9147 134.7532
918 4275 4277 23.79355 51.29407 71.74172
919 4271 4270 16.95647 40.97865 8.407552
920 4269 4268 45.12497 62.04184 18.19773
921 4269 352 101.8004 72.34981 129.5136
922 285 291 34.40919 19.03755 70.5678
923 5896 5897 83.11503 4.169537 137.2024
924 5896 679 149.0032 42.61579 111.792
925 5896 302 172.1922 12.93046 7.010244
926 342 330 27.26227 78.4107 13.67805
927 666 671 35.83074 8.152934 15.09522
928 674 703 83.48769 96.45103 55.44759
929 674 5915 152.0173 69.14373 15.12561
930 692 694 5.532634 39.27618 16.9444
931 708 709 4.797566 48.06133 10.26946
932 5860 1534 106.7541 60.81595 43.38874
933 5860 5859 90.92321 7.456829 18.55047
934 1074 1080 103.957 45.32702 63.68508
935 1074 1076 45.88796 18.69204 74.2278
936 1073 1077 77.86511 96.17439 47.9581
937 1078 1095 130.0555 69.17452 12.28779
938 1118 1127 68.71685 31.68097 79.7768
939 1102 1126 183.1432 32.70616 27.01791
940 1102 1113 87.18478 16.97804 57.27949
941 1111 1131 134.4383 72.60349 115.4024
942 1097 1108 66.824 19.04726 91.79168
943 683 696 46.80429 28.96147 26.03513
944 706 5912 61.32548 43.76981 82.1354
945 4295 4288 101.8909 37.58614 98.61747
946 4295 4298 25.93944 94.06239 55.27009
947 5905 5906 9.006809 62.74894 64.62012
948 4946 4948 18.57666 94.68071 127.6506
949 4947 4950 31.76932 48.72659 66.61942
950 4978 940 96.85307 58.24731 99.69118
951 5637 5638 59.22857 57.02394 10.38349
952 4977 1755 117.0665 54.20619 38.93167
953 4977 4976 45.31031 81.27649 78.54646
954 863 871 18.69736 95.04688 59.60852
955 4717 4716 33.10767 26.79541 67.07022
956 4717 4718 80.85455 16.39854 24.35839
957 5636 5635 25.39315 61.47928 101.9218
958 885 938 127.4312 58.7962 147.4128
959 885 923 94.96726 39.64128 42.22365
960 876 881 18.61573 89.21407 39.54014
961 1065 1066 411.8234 3.869257 86.90633
962 963 964 32.07121 81.03674 2.753761
963 954 955 8.957789 23.56149 44.57498
964 959 965 46.47631 30.42169 7.839427
965 959 961 6.815568 63.80274 37.25147
966 977 982 23.02233 27.91684 73.48959
967 977 1003 96.76434 76.5923 95.6078
968 977 995 63.94425 2.468517 19.65843
969 952 956 71.71765 18.34628 14.59747
970 952 957 82.7196 35.14921 132.5074
971 5682 5678 102.634 16.94571 11.63371
972 5600 5595 36.52967 27.63108 185.1652
973 5689 5694 140.9363 18.23596 76.11942
974 5689 5690 14.7465 69.07832 155.7818
975 5520 5515 74.57866 30.15286 145.2781
976 926 5619 52.58403 8.365742 87.33667
977 904 824 33.59304 75.34681 13.83224
978 899 932 73.77608 29.03865 11.95604
979 5204 5557 39.0585 24.71803 27.06955
980 5204 5641 54.20878 1.763429 9.746984
981 5204 5191 49.74181 47.93126 58.29306
982 5139 5138 5.342006 15.69238 11.6311
983 5139 5152 40.41376 49.06284 84.0073
984 5154 5156 4.681031 54.67819 69.34736
985 5615 5613 52.22256 36.94218 36.97484
986 5615 5617 63.80824 39.1785 11.74026
987 5115 5108 78.70011 13.65499 121.5165
988 5115 5126 107.069 3.927485 28.87381
989 5700 5062 96.73283 26.74583 0.4173088
990 916 922 17.36586 41.39075 118.2526
991 909 5622 252.8894 5.632984 76.31094
992 915 5659 171.9762 18.74965 22.67529
993 5658 5657 16.63013 91.82055 2.070424
994 5661 5662 42.5237 23.59086 10.31371
995 1417 1491 28.24858 73.95624 131.1
996 1369 1362 33.80614 17.96834 40.61576
997 1378 1390 55.0344 52.03472 93.46318
998 2624 2623 44.84512 26.14739 131.4156
999 2624 2625 13.70067 20.96413 72.90487
1000 1716 1695 218.9672 94.26718 1.720722
