1 1 0 95.95236 67.85103
2 1 3 334.9276 59.41084
3 0 2 359.6741 87.10269
4 3 4 63.64943 26.80947
5 2 5 137.5804 52.43892
6 4 6 56.74657 49.68253
7 5 7 314.7413 93.76151
8 6 8 305.4734 90.15473
9 6 9 377.394 14.8603
10 7 11 487.5417 98.43027
11 8 10 421.7937 17.34803
12 9 21 499.8841 2.348597
13 11 37 227.2136 39.52187
14 10 12 52.11665 8.347162
15 10 13 64.94166 57.94031
16 21 27 35.26537 3.842197
17 37 50 103.3687 15.34983
18 12 14 14.76989 10.76325
19 12 16 62.58961 18.75609
20 13 17 54.94424 50.19327
21 27 33 42.49715 51.24967
22 50 59 193.0317 83.90746
23 50 54 55.40317 48.63195
24 14 18 64.93002 31.09756
25 14 15 30.77428 90.85716
26 16 20 35.13306 82.03542
27 16 18 9.119387 82.65392
28 17 24 53.43404 26.49131
29 33 66 421.8274 50.97382
30 59 63 44.67945 96.83147
31 59 61 28.19517 15.38076
32 54 56 58.92032 20.97186
33 18 23 44.41555 26.48754
34 15 23 70.55472 85.6274
35 15 19 33.15651 93.04622
36 20 25 30.31359 64.83701
37 20 31 78.0427 28.54179
38 18 23 44.41555 26.48754
39 24 28 13.29194 70.13466
40 24 40 92.25298 83.52671
41 66 78 279.7685 70.82941
42 66 82 303.4385 47.89164
43 66 74 193.4698 19.76802
44 61 64 34.87333 57.20436
45 56 58 67.19859 25.76914
46 23 26 13.35655 30.47198
47 23 26 13.35655 30.47198
48 19 22 28.92946 67.13248
49 19 30 69.35722 43.01796
50 25 32 38.61189 25.09185
51 25 38 82.86368 49.58067
52 31 38 34.54784 79.43508
53 31 26 33.16084 47.6359
54 23 26 13.35655 30.47198
55 28 43 93.03291 42.31858
56 28 35 42.54887 23.75902
57 40 42 7.769544 38.64791
58 40 43 12.60439 16.39048
59 78 828 1426.648 40.2762
60 82 713 499.8895 36.7109
61 74 80 91.42865 7.521493
62 74 92 191.2862 96.52437
63 74 96 204.4766 74.80592
64 64 67 52.78945 60.15328
65 58 62 50.20322 20.94169
66 26 30 26.44444 1.579268
67 26 30 26.44444 1.579268
68 22 29 29.93743 59.14286
69 22 36 72.04202 70.58965
70 30 36 38.81814 93.70543
71 32 44 80.96897 82.0742
72 38 44 34.01649 1.936254
73 38 44 34.01649 1.936254
74 43 52 99.28497 92.7541
75 35 47 76.03954 81.69052
76 35 34 20.84864 69.28317
77 42 45 20.08478 61.70245
78 43 52 99.28497 92.7541
79 713 711 603.4547 15.73865
80 80 89 78.44202 47.89206
81 92 104 41.573 92.65843
82 96 105 28.83717 80.52963
83 67 77 264.3065 94.51064
84 62 65 41.86176 96.51782
85 30 36 38.81814 93.70543
86 30 36 38.81814 93.70543
87 29 41 78.47091 56.90432
88 29 34 38.59522 28.36197
89 36 41 35.52609 87.19265
90 36 41 35.52609 87.19265
91 52 51 18.40349 89.52362
92 47 49 32.99702 20.74593
93 34 39 35.91173 89.13466
94 52 51 18.40349 89.52362
95 711 710 205.0511 91.23508
96 711 712 418.5076 50.21939
97 89 110 99.70904 93.46271
98 104 2685 71.08021 90.62573
99 105 108 32.1415 78.05215
100 105 2549 267.1841 75.96404
