1 863.2758 3005.276
0 769.9487 2982.984
3 1197.557 2984.47
2 690.1964 3333.705
4 1261.189 2985.956
5 722.4367 3467.454
6 1316.336 2999.331
7 749.5864 3781.022
8 1474.144 2737.777
9 1662.919 3148.685
11 842.9135 4259.548
10 1771.943 2439.07
21 2090.951 3406.896
37 910.3635 4476.52
12 1794.85 2392.257
13 1830.06 2468.049
27 2115.556 3432.159
50 945.1491 4573.859
14 1807.152 2400.431
16 1827.939 2339.129
17 1871.209 2504.458
33 2142.706 3464.854
59 1137.742 4560.856
54 951.9365 4628.845
18 1836.423 2342.473
15 1834.302 2414.92
20 1834.302 2304.577
24 1910.661 2540.496
66 2322.573 3846.411
63 1181.861 4553.797
61 1158.953 4579.432
56 941.3312 4686.803
23 1877.572 2359.192
19 1863.149 2431.268
25 1845.332 2276.341
31 1905.994 2335.414
28 1920.842 2531.951
40 1976.838 2604.771
78 2047.682 3794.397
82 2619.522 3908.827
74 2407.415 4020.285
64 1177.194 4609.154
58 920.5447 4750.706
26 1889.874 2364.393
22 1885.632 2449.472
30 1910.661 2380.74
32 1865.27 2243.275
38 1922.963 2305.32
43 1987.019 2597.34
35 1953.93 2505.201
42 1970.475 2609.229
828 647.775 3519.468
713 3092.945 4069.327
80 2446.867 4102.764
92 2589.827 3962.699
96 2202.944 4021.771
67 1191.193 4660.054
62 899.7582 4796.404
29 1904.297 2472.879
36 1941.628 2404.146
44 1939.507 2275.598
52 2073.135 2547.927
47 2005.26 2561.302
34 1935.265 2495.913
45 1978.959 2627.434
711 3676.664 4222.396
89 2491.834 4167.038
104 2631.4 3962.699
105 2179.188 4038.119
77 1455.479 4663.397
65 889.1528 4836.9
41 1968.354 2427.552
51 2063.378 2532.323
49 2034.531 2546.069
39 1964.536 2475.108
710 3766.597 4038.119
712 3593.518 4632.561
110 2562.253 4237.628
2685 2699.699 3982.39
108 2200.399 4062.268
2549 1960.718 4191.931
