1 1 0 0.002025
2 1 2 0.01435
3 0 6 0.005952
4 2 3 0.012279
5 6 5 0.006157
6 3 4 0.011099
7 5 7 0.001408
8 5 8 0.012008
9 7 265 0.003213
10 8 298 0.005382
11 265 264 0.053762
12 298 299 0.032552
13 264 263 0.026846
14 299 300 0.038203
15 263 262 0.012712
16 300 301 0.031739
17 262 261 0.047586
18 301 302 0.008548
19 261 260 0.022314
20 302 303 0.02216
21 260 259 0.04856
22 303 304 0.003761
23 259 258 0.00478
24 304 305 0.013606
25 258 297 0.004359
26 258 336 0.007862
27 305 306 0.009618
28 297 434 0.043169
29 297 700 0.025031
30 336 335 0.055641
31 306 307 0.015385
32 434 433 0.006456
33 700 699 0.01031
34 335 334 0.015798
35 307 308 0.016124
36 433 432 0.006754
37 699 698 0.052099
38 334 333 0.007269
39 308 309 0.018617
40 432 431 0.008977
41 698 697 0.007614
42 333 332 0.018655
43 309 310 0.048724
44 431 430 0.005194
45 697 696 0.00562
46 332 331 0.018519
47 310 311 0.00674
48 430 429 0.009704
49 696 695 0.044179
50 331 330 0.005668
51 311 312 0.007868
52 429 428 0.016951
53 695 694 0.054184
54 330 329 0.003881
55 312 313 0.009712
56 428 427 0.00642
57 694 693 0.017257
58 329 328 0.022961
59 313 314 0.008879
60 427 426 0.016224
61 693 692 0.027893
62 328 327 0.039788
63 314 315 0.014656
64 426 425 0.015453
65 692 691 0.002032
66 327 326 0.046499
67 315 325 0.014302
68 315 627 0.00328
69 425 424 0.009289
70 691 690 0.006951
71 627 628 0.011638
72 424 423 0.012169
73 690 689 0.010365
74 628 629 0.010705
75 423 422 0.011729
76 689 688 0.029454
77 629 630 0.019697
78 422 421 0.02904
79 688 687 0.025105
80 630 631 0.030543
81 421 420 0.040332
82 687 686 0.009429
83 631 632 0.027271
84 420 419 0.031423
85 686 685 0.010324
86 632 633 0.032294
87 419 418 0.013209
88 685 684 0.026179
89 633 634 0.015796
90 418 417 0.003413
91 684 683 0.013233
92 634 635 0.000805
93 417 416 0.0304
94 683 682 0.004121
95 635 636 0.022394
96 416 415 0.035133
97 682 719 0.002514
98 682 889 0.004577
99 636 637 0.006974
100 415 414 0.014141
101 719 718 0.004354
102 889 888 0.025506
103 637 638 0.010313
104 414 413 0.08389
105 718 717 0.006496
106 888 887 0.011979
107 638 639 0.011253
108 413 412 0.058289
109 717 716 0.020792
110 887 886 0.003772
111 639 640 0.014834
112 412 411 0.012403
113 716 715 0.037311
114 886 885 0.024511
115 640 641 0.043803
116 411 410 0.007994
117 715 714 0.01877
118 885 884 0.009999
119 641 642 0.023013
120 410 409 0.033033
121 714 713 0.033834
122 884 883 0.05461
123 642 592 0.003616
124 409 408 0.029516
125 713 712 0.014821
126 883 882 0.026748
127 592 593 0.011772
128 592 1083 0.020933
129 408 407 0.016602
130 712 711 0.02765
131 882 881 0.010577
132 593 594 0.013466
133 1083 1084 0.014324
134 407 354 0.006928
135 711 710 0.001649
136 881 880 0.016198
137 594 595 0.004519
138 1084 1085 0.007844
139 354 353 0.006125
140 710 709 0.013104
141 880 913 0.019154
142 595 596 0.017403
143 1085 1086 0.021226
144 353 346 0.003416
145 353 347 0.002305
146 709 708 0.028092
147 913 916 0.015169
148 913 1027 0.021019
149 596 597 0.006674
150 1086 1087 0.015611
151 346 345 0.017577
152 346 387 0.019318
153 347 348 0.041055
154 708 707 0.01062
155 916 915 0.021244
156 1027 1028 0.009448
157 597 598 0.005963
158 1087 1088 0.008247
159 345 344 0.032178
160 387 469 0.008644
161 348 349 0.011584
162 707 706 0.010474
163 915 914 0.009557
164 1028 1029 0.103112
165 598 599 0.021033
166 1088 1089 0.035553
167 344 343 0.007215
168 469 470 0.008245
169 349 350 0.027928
170 706 705 0.011079
171 914 874 0.026193
172 1029 1030 0.002515
173 599 600 0.019845
174 1089 1090 0.007618
175 343 342 0.012144
176 470 516 0.017702
177 470 545 0.036389
178 350 351 0.016831
179 705 704 0.015652
180 874 873 0.018993
181 874 879 0.009426
182 1030 1031 0.014368
183 600 601 0.006786
184 1090 1091 0.003151
185 342 341 0.006502
186 516 517 0.011969
187 545 546 0.013373
188 351 352 0.021533
189 704 703 0.015619
190 873 872 0.033549
191 879 878 0.013028
192 1031 1026 0.004179
193 601 602 0.011992
194 1091 1092 0.008475
195 341 340 0.01733
196 517 518 0.019113
197 546 547 0.010688
198 352 39 0.011856
199 703 702 0.014352
200 872 871 0.018769
201 878 877 0.040263
202 1026 1025 0.006304
203 1026 1032 0.009283
204 602 603 0.032998
205 1092 1093 0.014568
206 340 339 0.009984
207 518 519 0.022519
208 547 548 0.009708
209 39 38 0.029701
210 39 81 0.01498
211 702 701 0.036672
212 871 870 0.009033
213 877 876 0.009224
214 1025 1024 0.005016
215 1032 1153 0.011153
216 1032 1726 0.039439
217 603 604 0.002268
218 1093 1094 0.035933
219 339 82 0.013596
220 519 520 0.039687
221 548 549 0.003362
222 38 37 0.013728
223 701 543 0.005718
224 870 869 0.085589
225 876 875 0.021337
226 1024 1023 0.001405
227 1153 1154 0.01055
228 1726 1727 0.012854
229 604 605 0.015062
230 1094 1095 0.011224
231 82 98 0.025227
232 520 521 0.004787
233 549 550 0.022047
234 37 9 0.002948
235 543 542 0.005106
236 543 868 0.00668
237 875 821 0.003921
238 1154 1155 0.007511
239 1727 1728 0.01198
240 605 606 0.009128
241 1095 1096 0.006256
242 98 97 0.012552
243 521 522 0.003819
244 550 551 0.017009
245 9 10 0.01294
246 9 36 0.018695
247 821 820 0.008111
248 821 1007 0.004729
249 1155 1156 0.02101
250 1728 1729 0.013463
251 606 607 0.024794
252 1096 1097 0.005318
253 97 96 0.011688
254 522 817 0.007179
255 551 552 0.028054
256 10 11 0.013238
257 36 35 0.060716
258 820 819 0.03926
259 1007 1006 0.012846
260 1156 1157 0.031504
261 1729 1730 0.02293
262 607 608 0.022934
263 1097 1098 0.019608
264 96 95 0.006112
265 817 818 0.016712
266 552 553 0.005718
267 11 12 0.028027
268 35 34 0.010447
269 1006 1005 0.006669
270 1157 1158 0.016029
271 1730 1731 0.027494
272 608 609 0.020521
273 1098 1099 0.009851
274 95 94 0.020742
275 553 554 0.005072
276 12 13 0.016322
277 34 33 0.036841
278 1005 1004 0.012952
279 1158 1159 0.013953
280 1731 1732 0.011955
281 609 610 0.009326
282 1099 1100 0.007066
283 94 93 0.012298
284 554 555 0.025252
285 13 14 0.03219
286 33 32 0.004146
287 1004 1003 0.009814
288 1159 1160 0.010828
289 1732 1733 0.004545
290 610 611 0.006111
291 1100 1101 0.006309
292 93 92 0.016769
293 555 556 0.016158
294 14 15 0.009105
295 1003 1002 0.02317
296 1160 1161 0.016136
297 1733 1734 0.022012
298 611 612 0.017485
299 1101 1102 0.010326
300 92 91 0.024057
301 556 557 0.025789
302 15 16 0.012708
303 1002 1001 0.013183
304 1161 1162 0.021813
305 1734 1735 0.015172
306 612 613 0.005203
307 1102 1103 0.006106
308 91 90 0.00619
309 557 558 0.010251
310 16 17 0.026648
311 1001 1000 0.026309
312 1162 1163 0.011044
313 1735 1736 0.049678
314 613 614 0.015677
315 1103 1104 0.000566
316 90 89 0.008265
317 558 559 0.009336
318 17 18 0.009636
319 1000 999 0.011291
320 1163 1168 0.012257
321 1736 1737 0.016693
322 614 615 0.006818
323 1104 1105 0.027349
324 89 88 0.009922
325 559 560 0.020063
326 18 19 0.014209
327 999 998 0.012701
328 1168 1169 0.002131
329 1737 1738 0.027538
330 615 616 0.037264
331 1105 1106 0.035448
332 88 87 0.017547
333 560 561 0.020721
334 560 590 0.002751
335 19 20 0.008261
336 998 997 0.008459
337 1169 1170 0.04252
338 1738 1739 0.00442
339 616 617 0.012234
340 1106 1107 0.020262
341 87 86 0.018688
342 561 562 0.008444
343 590 591 0.001495
344 20 21 0.011507
345 997 996 0.01893
346 1170 1171 0.057897
347 1739 1740 0.021205
348 617 618 0.011493
349 1107 1108 0.02778
350 86 85 0.023237
351 562 563 0.023499
352 591 861 0.026088
353 591 917 0.016669
354 21 22 0.008586
355 996 995 0.0099
356 1171 1172 0.061372
357 1740 1741 0.072058
358 618 619 0.03969
359 1108 1164 0.021465
360 1108 1173 0.042357
361 85 84 0.018784
362 563 564 0.034261
363 861 862 0.055392
364 917 918 0.019646
365 22 23 0.011969
366 995 994 0.003751
367 1741 1742 0.022133
368 619 620 0.006579
369 1164 1165 0.048102
370 84 83 0.004685
371 564 565 0.009757
372 862 863 0.028605
373 918 919 0.014686
374 23 24 0.011713
375 994 993 0.012147
376 1742 1743 0.013874
377 620 621 0.007334
378 1165 1166 0.013967
379 83 141 0.032288
380 83 203 0.007657
381 565 566 0.018632
382 863 864 0.025978
383 919 920 0.017089
384 24 25 0.011671
385 993 992 0.00785
386 1743 1744 0.001255
387 621 622 0.008184
388 1166 1167 0.019331
389 141 142 0.014467
390 203 202 0.012466
391 566 567 0.007762
392 864 865 0.003341
393 920 921 0.011955
394 25 26 0.007185
395 992 991 0.007576
396 1744 1745 0.010201
397 622 623 0.00532
398 1167 1214 0.009755
399 1167 1567 0.018111
400 142 143 0.013547
401 202 201 0.016997
402 567 568 0.01614
403 865 866 0.017842
404 921 922 0.008562
405 26 27 0.010523
406 991 990 0.020762
407 1745 1746 0.010377
408 623 624 0.009409
409 1214 1215 0.026755
410 1567 1568 0.031239
411 143 144 0.019778
412 201 200 0.00784
413 568 569 0.019113
414 866 867 0.010565
415 922 923 0.013974
416 27 28 0.00428
417 990 989 0.029575
418 1746 1747 0.044422
419 624 625 0.00956
420 1215 1216 0.017437
421 1568 1569 0.015606
422 144 145 0.007794
423 200 199 0.023006
424 569 570 0.017033
425 867 934 0.018116
426 867 1109 0.011284
427 923 924 0.007158
428 28 29 0.025794
429 989 988 0.02221
430 1747 1748 0.01854
431 625 626 0.009765
432 1216 1217 0.011969
433 1569 1570 0.011478
434 145 146 0.024411
435 199 198 0.022167
436 570 571 0.01549
437 934 935 0.003779
438 1109 1110 0.013818
439 924 925 0.015516
440 29 30 0.012105
441 988 987 0.00685
442 1748 1749 0.009842
443 626 388 0.016399
444 1217 1218 0.014956
445 1570 1571 0.014761
446 146 147 0.015927
447 198 197 0.021107
448 571 572 0.032357
449 935 936 0.010465
450 1110 1111 0.01928
451 925 926 0.007198
452 30 31 0.008134
453 987 986 0.021254
454 1749 1750 0.013474
455 388 389 0.01114
456 388 541 0.015381
457 1218 1219 0.023646
458 1571 1572 0.013383
459 147 148 0.014029
460 197 196 0.033562
461 572 573 0.029751
462 936 937 0.019942
463 1111 1112 0.027525
464 926 927 0.011868
465 986 985 0.004223
466 1750 1751 0.008672
467 389 390 0.028183
468 541 540 0.014845
469 1219 1220 0.007707
470 1572 1573 0.030419
471 148 149 0.006673
472 196 195 0.021448
473 573 574 0.01738
474 937 938 0.024994
475 1112 1113 0.01153
476 927 928 0.021309
477 985 984 0.016431
478 1751 1752 0.014662
479 390 391 0.008198
480 540 539 0.017633
481 1220 1221 0.025845
482 1573 1574 0.015009
483 149 150 0.00864
484 195 194 0.030517
485 574 575 0.00832
486 938 939 0.010602
487 1113 1114 0.032643
488 928 929 0.007191
489 984 983 0.007014
490 1752 1753 0.010579
491 391 392 0.019362
492 539 538 0.032556
493 1221 1222 0.010564
494 1574 1575 0.021041
495 150 151 0.003817
496 194 193 0.003795
497 575 576 0.011524
498 939 933 0.015068
499 1114 1115 0.010637
500 929 930 0.02328
