1 1 0 0.002025 6.309723 99.02126 54.99167 30.95305 1.689131
2 1 2 0.01435 2.982117 76.39115 5.502841 7.615086 97.17153
3 0 6 0.005952 19.144 143.0179 93.34948 24.47404 25.03119
4 2 3 0.012279 29.56441 59.72881 45.92943 23.75122 5.881564
5 6 5 0.006157 32.50207 7.740602 0.7410908 69.90804 79.34223
6 3 4 0.011099 6.478665 59.18293 0.353621 5.268163 50.28238
7 5 7 0.001408 23.48462 54.46577 3.294147 7.597046 5.714427
8 5 8 0.012008 81.52426 10.70254 10.61539 29.7546 2.455484
9 7 265 0.003213 32.6487 84.61798 3.864805 26.25128 80.57069
10 8 298 0.005382 138.3656 52.75562 49.23216 67.47906 106.6833
11 265 264 0.053762 30.05197 26.01639 83.88028 11.77979 74.02804
12 298 299 0.032552 38.83727 8.925743 29.90054 35.62909 72.79338
13 264 263 0.026846 118.0701 43.44821 107.9047 30.8493 29.28449
14 299 300 0.038203 56.75618 119.3452 0.2008715 35.19967 51.73545
15 263 262 0.012712 20.50319 59.16562 174.9032 1.238396 185.266
16 300 301 0.031739 63.09314 14.11277 139.9916 22.47043 64.10889
17 262 261 0.047586 186.2921 21.99478 27.23756 40.72822 0.3913068
18 301 302 0.008548 62.14663 2.600737 123.2352 147.9535 112.6997
19 261 260 0.022314 20.43371 185.6159 173.7804 152.1684 34.423
20 302 303 0.02216 188.0566 23.30106 39.36863 51.81608 58.23608
21 260 259 0.04856 154.2496 1.77337 2.906992 52.57728 17.41092
22 303 304 0.003761 42.52056 48.5374 65.23114 4.980153 34.99802
23 259 258 0.00478 98.06124 19.87624 60.86504 42.84678 129.6539
24 304 305 0.013606 151.7903 0.7676865 36.66835 34.48325 132.1911
25 258 297 0.004359 19.57722 47.27738 118.0389 1.854983 99.13226
26 258 336 0.007862 84.27254 34.80008 23.22582 3.086398 51.02743
27 305 306 0.009618 3.605135 8.570786 32.57393 42.2295 0.570938
28 297 434 0.043169 89.97938 41.65237 8.977271 103.2144 19.84042
29 297 700 0.025031 31.39936 71.15881 93.11409 43.00611 7.017091
30 336 335 0.055641 100.6606 14.09978 21.48989 2.117858 2.81846
31 306 307 0.015385 46.4185 22.20834 58.53521 132.1688 15.80778
32 434 433 0.006456 56.24392 140.4245 71.60204 112.2087 163.3054
33 700 699 0.01031 21.65438 25.18001 142.9007 122.8248 34.94891
34 335 334 0.015798 43.25622 86.80787 101.5514 71.51362 97.97144
35 307 308 0.016124 34.37599 80.83469 36.88905 23.69914 81.15962
36 433 432 0.006754 6.877113 33.96597 24.06057 30.81899 45.41997
37 699 698 0.052099 112.1582 10.39049 177.1411 18.95792 0.5576503
38 334 333 0.007269 77.58247 128.652 31.24304 33.22223 72.60925
39 308 309 0.018617 7.0828 95.80418 121.4478 120.0816 0.1446314
40 432 431 0.008977 0.1727603 11.67837 31.42358 134.6958 29.03092
41 698 697 0.007614 46.37966 21.37182 78.14852 13.87874 99.82833
42 333 332 0.018655 15.243 41.11898 10.59258 43.3322 111.9227
43 309 310 0.048724 0 3.811234 38.25246 50.9053 136.4114
44 431 430 0.005194 32.30888 0.8397502 26.91361 36.5561 18.65792
45 697 696 0.00562 40.57446 67.19305 140.1165 49.30268 152.2636
46 332 331 0.018519 18.74378 23.93225 28.07433 35.84935 80.73447
47 310 311 0.00674 31.82454 52.98592 10.36382 62.98093 29.85655
48 430 429 0.009704 34.16476 41.97334 34.55439 75.43961 15.7557
49 696 695 0.044179 1.429108 52.19773 126.0802 101.259 5.586442
50 331 330 0.005668 32.36474 62.28306 32.57222 81.42328 104.1116
51 311 312 0.007868 47.54766 57.91227 86.7896 79.4312 101.8566
52 429 428 0.016951 5.749067 77.40787 10.30844 85.92485 43.26207
53 695 694 0.054184 50.10933 11.2018 28.6105 33.63354 14.98921
54 330 329 0.003881 17.6978 6.972254 27.41535 81.96548 65.12159
55 312 313 0.009712 29.24978 52.41658 30.75245 165.6196 31.63416
56 428 427 0.00642 48.9771 5.161538 145.6331 117.7016 112.8515
57 694 693 0.017257 164.4942 141.8148 1.300808 2.410704 0.6316065
58 329 328 0.022961 21.11023 36.54841 110.6998 106.9649 10.27585
59 313 314 0.008879 51.94473 73.68627 7.558967 47.49699 25.94563
60 427 426 0.016224 65.44175 46.47828 131.9971 3.30339 61.8401
61 693 692 0.027893 73.86782 35.22812 36.68533 12.20743 10.57933
62 328 327 0.039788 32.67632 2.268715 15.39119 55.19867 39.53632
63 314 315 0.014656 66.3951 155.0819 66.07821 73.47754 13.61927
64 426 425 0.015453 131.5517 26.41859 11.44122 14.52986 4.142412
65 692 691 0.002032 95.75791 34.83152 0.7157546 14.57988 16.47953
66 327 326 0.046499 72.68593 38.19389 59.72398 101.8888 7.326699
67 315 325 0.014302 14.29165 13.68688 74.59307 1.212873 74.91505
68 315 627 0.00328 1.20193 0.7493276 17.46878 136.3867 74.81783
69 425 424 0.009289 73.07844 12.2545 35.6113 15.84514 10.5234
70 691 690 0.006951 22.67989 1.759577 35.15162 8.108793 88.10913
71 627 628 0.011638 189.3391 80.43712 79.23975 33.56277 0.7920949
72 424 423 0.012169 8.636376 156.6125 2.773447 15.56285 5.926122
73 690 689 0.010365 134.873 13.77961 11.46778 27.53632 7.38202
74 628 629 0.010705 24.70891 58.97248 8.661829 26.96125 87.45257
75 423 422 0.011729 33.80376 172.2167 85.22485 3.542729 113.4931
76 689 688 0.029454 17.30142 45.51049 78.26896 1.771189 32.68431
77 629 630 0.019697 6.095221 30.68107 14.48576 12.98142 12.85309
78 422 421 0.02904 42.07272 142.8588 44.30944 114.0822 26.29997
79 688 687 0.025105 86.51452 90.28171 26.83822 105.4939 24.41074
80 630 631 0.030543 41.33934 2.58395 99.19047 30.79099 5.248234
81 421 420 0.040332 52.6625 3.017294 1.437068 18.56973 25.47836
82 687 686 0.009429 1.689272 82.42812 41.94874 75.15325 73.25654
83 631 632 0.027271 138.9095 50.52156 63.12841 26.38014 37.44655
84 420 419 0.031423 95.37032 130.4765 92.17245 77.41413 3.674315
85 686 685 0.010324 134.0514 5.891521 69.19393 63.58112 37.42355
86 632 633 0.032294 10.15093 23.63534 106.6173 15.31632 152.4228
87 419 418 0.013209 42.59578 105.1416 11.57049 22.69469 12.29059
88 685 684 0.026179 129.3392 36.66992 5.774676 23.34682 4.770947
89 633 634 0.015796 16.24179 65.57972 0.3979896 73.7733 4.462842
90 418 417 0.003413 19.88166 89.58382 8.277849 3.262484 11.36356
91 684 683 0.013233 83.55148 62.35741 54.71511 39.01048 171.0837
92 634 635 0.000805 1.869447 13.73458 20.41926 150.0791 59.68857
93 417 416 0.0304 1.890945 21.6129 30.23095 66.17091 3.704415
94 683 682 0.004121 60.08242 7.182984 57.39554 55.47927 14.57261
95 635 636 0.022394 6.739429 89.37349 54.45501 120.9907 2.465497
96 416 415 0.035133 11.07246 96.20685 55.54055 2.203043 2.056464
97 682 719 0.002514 26.82065 95.51971 18.74427 7.28306 71.79454
98 682 889 0.004577 11.04939 46.18935 191.0415 56.04262 66.71791
99 636 637 0.006974 11.95845 5.022764 16.26169 53.73108 80.6533
100 415 414 0.014141 31.20717 43.07823 5.427888 5.158799 141.6327
101 719 718 0.004354 38.09806 74.1227 1.005581 96.5971 4.695593
102 889 888 0.025506 15.95992 11.84929 58.45343 119.7315 13.31919
103 637 638 0.010313 139.2376 24.43783 114.2805 49.56693 58.54466
104 414 413 0.08389 48.38956 11.81895 12.13537 13.18565 135.6041
105 718 717 0.006496 16.64587 5.886677 38.80991 53.98616 0
106 888 887 0.011979 97.12348 38.69668 1.332227 4.132245 2.777942
107 638 639 0.011253 93.65915 3.629791 162.014 3.850331 11.46189
108 413 412 0.058289 12.78185 20.29428 1.122937 44.20332 39.24485
109 717 716 0.020792 100.2395 29.77864 105.4474 26.31599 39.34469
110 887 886 0.003772 28.98171 143.684 28.65966 0.3484663 0.3873658
111 639 640 0.014834 30.15268 2.44561 19.93558 21.32986 1.220773
112 412 411 0.012403 26.19663 67.00269 11.46562 30.85804 46.50028
113 716 715 0.037311 7.241088 1.270786 77.28044 19.82387 91.72269
114 886 885 0.024511 52.69121 14.6733 50.5139 76.55656 23.36959
115 640 641 0.043803 20.06754 34.05282 50.93613 104.0816 0
116 411 410 0.007994 14.19233 54.29748 6.03206 38.79285 115.0915
117 715 714 0.01877 9.935255 138.2923 182.4456 18.94334 11.15942
118 885 884 0.009999 30.54963 47.44398 26.42918 95.30009 1.215143
119 641 642 0.023013 72.6374 0.6202199 35.80161 51.92301 5.156798
120 410 409 0.033033 109.5671 20.65785 8.024592 38.60089 15.9684
121 714 713 0.033834 58.78407 154.879 14.03546 16.87 58.30983
122 884 883 0.05461 35.24369 152.0557 47.13533 45.19257 2.613478
123 642 592 0.003616 11.289 7.150157 22.47122 48.77254 13.21401
124 409 408 0.029516 9.499494 120.7787 21.57479 105.6148 9.746892
125 713 712 0.014821 27.87115 114.8877 150.6836 10.81451 91.38969
126 883 882 0.026748 15.35616 33.28109 31.37604 30.15214 122.6293
127 592 593 0.011772 10.04504 63.23367 79.73958 2.464916 67.60977
128 592 1083 0.020933 98.17715 31.92379 26.75533 92.76866 73.34608
129 408 407 0.016602 26.6005 93.67381 84.61693 110.9082 110.6288
130 712 711 0.02765 31.68459 6.723537 37.65841 144.1082 75.34843
131 882 881 0.010577 133.6818 121.3288 1.435632 42.71184 6.138319
132 593 594 0.013466 71.51099 38.78988 84.58683 78.90545 71.08051
133 1083 1084 0.014324 70.37248 55.63488 95.41855 24.65224 26.87418
134 407 354 0.006928 87.87241 138.636 12.71451 56.28056 21.39676
135 711 710 0.001649 96.2629 41.40947 82.56636 38.99824 36.74215
136 881 880 0.016198 0 16.39323 63.69943 51.62158 1.905843
137 594 595 0.004519 39.78091 53.03407 145.1608 23.2814 125.8672
138 1084 1085 0.007844 38.91318 63.47501 129.7946 0.9590844 14.03029
139 354 353 0.006125 4.776899 31.28562 17.25191 95.32057 14.24535
140 710 709 0.013104 47.06823 4.859956 28.46059 147.8416 101.6094
141 880 913 0.019154 158.3192 25.19089 9.285697 38.50027 40.28209
142 595 596 0.017403 103.5668 35.04952 106.1631 63.70954 91.62877
143 1085 1086 0.021226 11.5212 36.39804 35.40228 87.01085 119.4051
144 353 346 0.003416 67.59361 0.1421147 106.2492 61.21055 59.76595
145 353 347 0.002305 46.41273 24.6925 61.22688 64.04527 65.21535
146 709 708 0.028092 160.4739 46.09488 0.01672308 62.72944 4.133516
147 913 916 0.015169 45.55452 12.47773 51.49409 50.24903 55.87079
148 913 1027 0.021019 24.27814 133.3631 55.16561 55.57738 25.75927
149 596 597 0.006674 56.25637 12.90058 44.59497 48.38019 81.607
150 1086 1087 0.015611 1.988109 129.1205 71.58707 18.5813 17.2261
151 346 345 0.017577 102.7259 0.3100528 4.9689 36.70948 89.43674
152 346 387 0.019318 128.8068 22.70493 163.4738 47.72238 58.60302
153 347 348 0.041055 61.66131 17.90151 111.7533 48.58544 50.03701
154 708 707 0.01062 18.13614 14.78101 57.80886 60.86917 7.036728
155 916 915 0.021244 94.82808 105.7272 47.81544 103.6293 27.13593
156 1027 1028 0.009448 73.56747 28.64892 33.77597 90.53241 2.493385
157 597 598 0.005963 153.2135 16.26768 8.219407 67.52841 56.96789
158 1087 1088 0.008247 95.41304 104.692 1.887927 9.144127 69.63644
159 345 344 0.032178 25.62888 23.09682 24.5487 16.71283 2.235755
160 387 469 0.008644 3.311345 3.930015 112.3743 11.05587 54.68941
161 348 349 0.011584 91.49541 72.26463 93.0019 31.6607 44.3852
162 707 706 0.010474 32.13597 31.40228 37.9442 118.7697 10.33427
163 915 914 0.009557 20.79471 184.7644 68.39673 95.61798 181.783
164 1028 1029 0.103112 38.66532 30.88954 14.37097 25.5395 36.74453
165 598 599 0.021033 83.17602 125.1017 147.3872 192.2255 12.85701
166 1088 1089 0.035553 72.49066 19.79085 21.09587 15.73697 2.640986
167 344 343 0.007215 55.67169 146.3068 72.98938 46.84035 27.94913
168 469 470 0.008245 45.88308 45.05584 62.9393 0 160.4521
169 349 350 0.027928 34.60598 136.3383 37.80708 174.4087 75.43046
170 706 705 0.011079 112.8917 108.5971 101.8453 11.7433 27.02427
171 914 874 0.026193 9.61274 5.795457 46.66128 18.25601 100.0899
172 1029 1030 0.002515 16.15154 54.97779 48.16486 46.6721 12.75326
173 599 600 0.019845 6.950078 10.34894 146.492 39.75661 116.291
174 1089 1090 0.007618 4.966461 84.12965 10.04376 74.02521 79.13161
175 343 342 0.012144 19.87147 87.95836 25.85117 42.25396 28.10506
176 470 516 0.017702 30.94302 12.84955 64.33578 120.2654 1.221236
177 470 545 0.036389 3.187411 77.06814 19.9948 110.7038 6.631605
178 350 351 0.016831 10.63941 15.47998 4.793894 40.77269 7.619699
179 705 704 0.015652 35.15112 27.58458 94.89545 71.44292 28.13232
180 874 873 0.018993 96.20346 42.54366 22.49776 140.0518 12.45895
181 874 879 0.009426 3.599895 150.0617 136.8175 159.4337 11.13812
182 1030 1031 0.014368 18.00946 127.4309 9.806048 13.20254 44.06291
183 600 601 0.006786 31.51353 27.18009 157.9556 0.1317265 91.29993
184 1090 1091 0.003151 46.50563 40.13779 35.84449 94.37196 39.03433
185 342 341 0.006502 23.32713 34.91036 1.051551 53.92023 1.04557
186 516 517 0.011969 8.710684 79.0817 48.70652 112.7657 59.37497
187 545 546 0.013373 119.4319 2.325902 23.35994 22.75876 30.09679
188 351 352 0.021533 5.102869 124.1958 37.30482 60.81505 89.02652
189 704 703 0.015619 50.3713 42.31902 14.90674 40.60344 69.3604
190 873 872 0.033549 57.48851 72.06949 2.163636 36.60753 30.81273
191 879 878 0.013028 13.11891 7.912056 19.28727 23.39277 14.78239
192 1031 1026 0.004179 23.14173 6.864635 10.38634 38.9349 12.39618
193 601 602 0.011992 44.1627 52.36625 0 0.2611376 0.167943
194 1091 1092 0.008475 4.406217 2.494931 125.3238 97.53205 88.82585
195 341 340 0.01733 13.01544 169.0724 35.39672 45.15859 27.28976
196 517 518 0.019113 11.76791 9.918176 121.3112 117.4406 65.35809
197 546 547 0.010688 93.45676 30.65421 81.79937 25.86973 21.25313
198 352 39 0.011856 4.277768 5.057793 148.7363 1.893069 64.81267
199 703 702 0.014352 106.3235 7.234942 46.46301 34.23957 93.09081
200 872 871 0.018769 8.02698 16.92566 92.18739 55.37719 80.99658
201 878 877 0.040263 85.53102 9.700747 77.55359 101.475 66.08453
202 1026 1025 0.006304 14.66918 10.33979 12.37077 19.7261 133.4632
203 1026 1032 0.009283 38.10107 14.21717 1.638973 20.15081 6.923293
204 602 603 0.032998 40.49114 1.438519 38.1233 13.18924 104.8404
205 1092 1093 0.014568 0.9463751 5.239106 37.70393 37.45346 72.82236
206 340 339 0.009984 95.54739 8.371998 127.394 161.2278 16.55266
207 518 519 0.022519 26.83661 93.69984 19.08011 47.30838 96.67467
208 547 548 0.009708 9.202003 28.59127 87.17103 1.736321 29.32729
209 39 38 0.029701 143.943 164.8939 4.199818 56.53242 28.1277
210 39 81 0.01498 73.80569 51.74083 2.375802 46.73663 8.689316
211 702 701 0.036672 23.39415 30.10708 104.4504 13.44883 41.57773
212 871 870 0.009033 116.004 18.72524 31.65461 40.47182 59.83174
213 877 876 0.009224 66.59431 50.73981 37.61338 49.52464 43.00622
214 1025 1024 0.005016 7.673649 26.63262 46.7403 111.1694 43.65207
215 1032 1153 0.011153 48.9548 1.232767 57.31804 59.92662 107.9637
216 1032 1726 0.039439 124.3967 5.812184 52.95862 8.326534 107.5651
217 603 604 0.002268 7.830034 5.436159 109.4197 14.53936 11.23461
218 1093 1094 0.035933 17.15251 13.95579 12.27694 17.94412 109.8166
219 339 82 0.013596 62.85743 29.84637 49.66274 100.0903 15.19214
220 519 520 0.039687 26.09467 43.85051 54.02784 115.8236 47.3302
221 548 549 0.003362 15.35574 5.965288 8.375225 0.3360233 12.97327
222 38 37 0.013728 49.43451 100.4302 95.64393 109.6664 51.42527
223 701 543 0.005718 21.67488 22.29412 97.92435 161.2181 48.95118
224 870 869 0.085589 7.380004 70.04459 69.46283 34.2582 59.62787
225 876 875 0.021337 0.4146137 56.18442 53.55776 31.70502 44.87986
226 1024 1023 0.001405 19.79738 54.36345 24.7248 20.71347 48.88656
227 1153 1154 0.01055 33.47743 99.77537 48.55205 103.9185 8.425988
228 1726 1727 0.012854 5.66399 156.6782 18.77602 14.01095 67.09881
229 604 605 0.015062 80.48334 21.04574 60.23879 21.4404 9.699261
230 1094 1095 0.011224 29.51816 90.93036 148.2673 57.61584 74.23603
231 82 98 0.025227 8.300902 36.7736 46.66998 41.88936 10.25384
232 520 521 0.004787 74.76321 20.45901 9.290418 35.01031 130.0873
233 549 550 0.022047 52.46788 11.19236 116.5744 48.55395 46.53752
234 37 9 0.002948 90.04205 175.0886 27.10853 53.80519 113.1295
235 543 542 0.005106 92.74033 147.1265 123.9187 105.3108 138.9378
236 543 868 0.00668 13.29873 33.28633 16.20308 32.41105 34.82193
237 875 821 0.003921 65.80598 126.3396 97.91186 113.1862 19.07268
238 1154 1155 0.007511 101.794 21.88781 53.86477 102.3234 70.17789
239 1727 1728 0.01198 53.51999 25.42781 86.45423 65.14719 47.13091
240 605 606 0.009128 18.75782 164.0872 10.38899 62.141 0.09347582
241 1095 1096 0.006256 102.8847 70.54166 15.6954 51.65793 11.11641
242 98 97 0.012552 27.37327 83.51944 31.95779 4.738389 150.665
243 521 522 0.003819 0.4369913 60.70898 128.4001 39.06567 59.48327
244 550 551 0.017009 32.01435 121.271 88.73574 12.82321 48.04482
245 9 10 0.01294 0 82.38131 113.3109 87.57705 91.11451
246 9 36 0.018695 29.84322 19.54699 142.3314 59.46046 109.1183
247 821 820 0.008111 20.1587 4.456247 92.11497 56.9591 147.165
248 821 1007 0.004729 5.556233 0 122.0071 17.24625 52.37558
249 1155 1156 0.02101 97.28464 25.98446 2.18521 30.8565 52.1353
250 1728 1729 0.013463 111.2272 46.7676 127.0075 6.137314 52.93219
251 606 607 0.024794 2.261722 2.76546 13.98991 82.62749 63.35529
252 1096 1097 0.005318 29.29123 179.4103 48.52446 0.740435 111.4568
253 97 96 0.011688 73.36609 13.16735 4.172852 42.54198 95.64032
254 522 817 0.007179 5.291548 70.53618 63.95443 25.43789 2.626187
255 551 552 0.028054 130.232 46.62162 2.642258 56.56753 112.1407
256 10 11 0.013238 2.483619 54.96733 5.250303 6.24472 53.94903
257 36 35 0.060716 54.44641 42.26036 105.3544 60.4639 82.28161
258 820 819 0.03926 0 66.54913 24.00414 147.1778 31.75725
259 1007 1006 0.012846 5.550014 12.52871 62.51196 9.606942 3.736953
260 1156 1157 0.031504 36.15414 7.489893 65.51714 92.46351 39.23597
261 1729 1730 0.02293 29.33082 25.14164 56.69398 19.92005 12.78217
262 607 608 0.022934 65.18765 88.49228 29.89856 92.2653 67.89702
263 1097 1098 0.019608 107.6039 161.6629 22.75924 51.85271 18.33332
264 96 95 0.006112 14.26725 130.2716 46.58532 19.93639 9.038748
265 817 818 0.016712 13.50986 16.5085 60.35485 30.77147 56.39168
266 552 553 0.005718 17.48053 23.88115 97.26073 63.46862 67.19356
267 11 12 0.028027 134.4182 145.7089 108.9647 53.37846 38.02544
268 35 34 0.010447 49.84866 27.49089 18.74512 44.82046 5.596517
269 1006 1005 0.006669 97.42294 125.1687 74.16942 17.96161 57.42696
270 1157 1158 0.016029 16.09175 76.62567 38.44473 10.20974 15.65744
271 1730 1731 0.027494 61.68155 9.815493 124.7515 178.0365 77.63713
272 608 609 0.020521 0.8308221 0.9737152 68.19466 4.946059 24.13614
273 1098 1099 0.009851 14.66405 44.16223 139.9832 127.7359 11.73959
274 95 94 0.020742 62.56704 9.749439 51.55674 130.3577 36.4855
275 553 554 0.005072 38.11588 97.94966 137.9127 173.5651 55.47757
276 12 13 0.016322 82.89191 136.1344 15.1283 62.74087 15.73567
277 34 33 0.036841 146.4515 0.4429443 72.01759 70.67275 63.16742
278 1005 1004 0.012952 3.976502 129.4524 73.11378 89.27296 65.74403
279 1158 1159 0.013953 73.7056 146.2007 30.07445 39.51309 89.17397
280 1731 1732 0.011955 174.0645 68.76087 68.93448 47.08059 31.21287
281 609 610 0.009326 108.2227 2.828098 147.8602 26.20409 8.042156
282 1099 1100 0.007066 34.54765 0.6001086 32.98789 130.9255 77.17353
283 94 93 0.012298 8.315598 29.18918 0.7957602 52.45537 53.51416
284 554 555 0.025252 0.7591828 8.37784 90.5811 30.66489 4.038826
285 13 14 0.03219 64.33395 115.6719 41.33434 110.1805 62.23511
286 33 32 0.004146 9.47761 26.11384 35.19658 6.74975 87.07648
287 1004 1003 0.009814 90.59477 33.49796 30.78904 36.95749 79.64516
288 1159 1160 0.010828 17.58962 23.81373 30.10504 61.29216 82.49714
289 1732 1733 0.004545 14.0217 146.7364 26.84246 70.20671 3.637104
290 610 611 0.006111 0.2239392 50.94512 144.1869 82.48949 9.390406
291 1100 1101 0.006309 102.2946 29.62137 17.50344 73.54764 22.40428
292 93 92 0.016769 130.5472 3.214881 32.76671 19.82532 76.69843
293 555 556 0.016158 17.04773 155.0183 104.3794 65.01053 49.02998
294 14 15 0.009105 22.51901 10.70434 121.3606 0.01349983 120.9458
295 1003 1002 0.02317 41.08416 39.53692 18.98039 82.43276 0.5598512
296 1160 1161 0.016136 67.81876 70.98667 100.0355 1.364257 6.019039
297 1733 1734 0.022012 10.24379 48.40958 5.04592 16.05667 105.9233
298 611 612 0.017485 18.42543 79.90601 38.65444 21.85524 66.22401
299 1101 1102 0.010326 132.3046 23.36233 39.05817 137.5869 19.90691
300 92 91 0.024057 56.77889 3.405475 34.83487 23.77847 27.55986
301 556 557 0.025789 8.816335 18.62267 44.50539 66.23359 17.0659
302 15 16 0.012708 15.19115 67.64523 25.0524 38.36924 4.979288
303 1002 1001 0.013183 4.963214 25.12398 5.972003 86.61639 42.61372
304 1161 1162 0.021813 22.10677 107.4555 26.99437 50.02777 11.50335
305 1734 1735 0.015172 163.291 76.35165 9.227376 46.52221 8.480178
306 612 613 0.005203 9.124424 107.5053 155.007 31.08592 89.3541
307 1102 1103 0.006106 44.14344 62.0046 133.545 90.32579 16.98841
308 91 90 0.00619 11.77951 4.147663 169.2968 0.9295597 71.65688
309 557 558 0.010251 48.22121 0 32.30493 12.82714 97.94066
310 16 17 0.026648 26.38694 67.29772 31.42593 0.2405613 49.96279
311 1001 1000 0.026309 73.24772 83.93355 54.73754 133.4212 23.8154
312 1162 1163 0.011044 1.0144 155.2281 88.40689 10.557 20.75525
313 1735 1736 0.049678 24.90121 15.21682 24.68741 104.0322 48.47867
314 613 614 0.015677 41.69926 38.0785 104.5453 32.02196 159.5251
315 1103 1104 0.000566 46.34158 128.5039 40.35927 37.95408 97.65101
316 90 89 0.008265 17.02908 85.4622 0.8454728 92.14626 84.04253
317 558 559 0.009336 9.125766 6.148402 71.86217 62.27296 0.1616139
318 17 18 0.009636 120.8579 20.14702 43.86177 58.42899 132.2179
319 1000 999 0.011291 29.1349 127.6206 3.059464 25.7252 21.893
320 1163 1168 0.012257 38.49564 34.62333 16.12479 50.85598 30.54993
321 1736 1737 0.016693 11.23392 47.80725 90.24358 74.68159 55.95327
322 614 615 0.006818 99.44288 186.1482 30.79577 13.95769 8.136818
323 1104 1105 0.027349 8.273862 26.10105 61.52521 3.810479 23.07857
324 89 88 0.009922 16.06981 51.36604 43.62125 56.45202 29.93458
325 559 560 0.020063 19.18521 70.29665 60.21015 138.5117 20.44751
326 18 19 0.014209 13.12514 124.9528 2.937993 44.73327 93.74005
327 999 998 0.012701 10.14656 10.55986 9.719436 178.9484 75.96214
328 1168 1169 0.002131 75.22012 29.81244 89.9413 75.66432 0
329 1737 1738 0.027538 96.16464 40.31479 87.98255 13.62279 59.34458
330 615 616 0.037264 53.40651 71.27836 10.05415 42.69449 6.055107
331 1105 1106 0.035448 8.809418 107.9538 52.25183 47.09875 49.83761
332 88 87 0.017547 146.8911 95.63416 103.1657 0.1806694 4.484508
333 560 561 0.020721 41.25953 111.6234 7.76534 107.0584 48.07658
334 560 590 0.002751 15.80803 71.95914 89.86063 2.71105 3.75827
335 19 20 0.008261 32.98206 84.94292 40.96318 35.59249 87.37141
336 998 997 0.008459 30.62015 7.561154 11.66726 92.72624 40.39438
337 1169 1170 0.04252 47.42928 3.410896 0.4572983 4.949597 121.536
338 1738 1739 0.00442 22.08318 47.66578 126.4817 26.04226 48.37746
339 616 617 0.012234 101.9835 95.93205 9.654842 53.86168 196.8192
340 1106 1107 0.020262 113.9809 3.548388 185.3274 12.41084 10.66153
341 87 86 0.018688 24.8527 71.93309 48.05307 25.33235 7.716318
342 561 562 0.008444 133.3386 66.57256 148.9392 19.46201 12.40609
343 590 591 0.001495 85.61823 19.29922 19.64042 26.81656 3.439382
344 20 21 0.011507 0.7153969 43.78836 73.9373 9.894186 136.5898
345 997 996 0.01893 80.58385 17.53203 76.69167 41.87504 5.502978
346 1170 1171 0.057897 16.75969 11.97753 52.13445 0.3559534 4.768625
347 1739 1740 0.021205 35.9288 23.09112 97.2414 6.923618 10.72449
348 617 618 0.011493 9.214581 36.58235 88.72699 43.6406 39.00508
349 1107 1108 0.02778 3.22881 92.21004 33.27369 0.7824844 12.21934
350 86 85 0.023237 166.1648 49.07828 13.11521 34.50418 120.8785
351 562 563 0.023499 24.90813 8.648048 22.44438 90.80708 56.0504
352 591 861 0.026088 122.4742 113.7501 64.43996 0.2698019 42.72565
353 591 917 0.016669 89.85871 149.2284 7.177001 80.41202 11.74541
354 21 22 0.008586 1.588996 50.2341 20.33068 16.21896 34.20451
355 996 995 0.0099 81.58289 131.3612 7.042743 103.05 16.99314
356 1171 1172 0.061372 47.16487 156.1718 33.77192 122.2938 102.3661
357 1740 1741 0.072058 4.581731 74.88054 11.14703 23.88322 46.23346
358 618 619 0.03969 81.27588 18.6658 24.65136 3.264743 40.05838
359 1108 1164 0.021465 40.25766 3.794406 38.02216 11.65629 47.43314
360 1108 1173 0.042357 7.574387 5.299687 56.41205 2.372419 31.21855
361 85 84 0.018784 46.12988 30.46567 75.04691 32.47429 128.4177
362 563 564 0.034261 134.0734 13.47324 3.196747 22.98698 181.6815
363 861 862 0.055392 49.52533 64.90668 78.44361 46.18966 94.10172
364 917 918 0.019646 1.452668 41.11625 49.29247 57.29819 30.74993
365 22 23 0.011969 84.45246 54.78625 6.152137 108.8941 3.561146
366 995 994 0.003751 13.56384 81.73991 0.1204596 49.26907 69.99993
367 1741 1742 0.022133 104.3726 24.72621 44.08114 48.46944 69.93933
368 619 620 0.006579 105.1435 111.4291 45.68439 63.04863 11.63229
369 1164 1165 0.048102 93.28937 13.66672 92.58685 34.65408 4.727042
370 84 83 0.004685 31.23575 18.93816 51.32087 33.91105 38.59796
371 564 565 0.009757 59.0267 47.06769 44.03565 6.559552 70.8335
372 862 863 0.028605 3.783787 13.1575 135.9105 0.4703403 13.79926
373 918 919 0.014686 59.19251 17.4775 50.09381 81.01897 5.374898
374 23 24 0.011713 23.57302 11.80235 13.18362 83.82391 106.8636
375 994 993 0.012147 101.0363 157.992 98.54765 23.83596 8.448374
376 1742 1743 0.013874 5.81528 80.00027 3.919123 8.465433 27.24162
377 620 621 0.007334 107.5122 10.43715 71.8772 50.2131 76.91502
378 1165 1166 0.013967 7.757122 68.47301 47.38186 8.17482 7.725944
379 83 141 0.032288 2.739705 9.717358 19.42327 39.11056 10.28475
380 83 203 0.007657 102.1306 23.67382 2.834478 9.472965 52.27597
381 565 566 0.018632 1.093445 60.29331 4.833606 134.6387 68.55065
382 863 864 0.025978 65.94342 52.59085 82.26399 170.4256 1.466491
383 919 920 0.017089 89.71636 55.55396 13.74384 0.5334638 43.82995
384 24 25 0.011671 101.248 72.20766 63.66159 98.86491 42.25099
385 993 992 0.00785 13.67726 17.04838 4.747672 31.18394 12.77806
386 1743 1744 0.001255 21.47993 4.885483 3.028139 125.5718 19.85466
387 621 622 0.008184 63.00285 4.074372 2.667321 19.02442 70.52759
388 1166 1167 0.019331 158.3165 153.9612 35.32243 31.63222 3.593184
389 141 142 0.014467 24.73694 31.85143 63.30366 9.390108 118.356
390 203 202 0.012466 63.57904 1.738891 14.59746 68.1239 50.61558
391 566 567 0.007762 86.72213 28.25722 54.42421 49.5288 139.5819
392 864 865 0.003341 20.10264 71.99264 67.50362 55.78479 26.29519
393 920 921 0.011955 13.66213 49.57475 15.9828 4.165751 119.4898
394 25 26 0.007185 34.40458 94.9277 32.16034 103.3789 7.613135
395 992 991 0.007576 5.886616 61.11561 41.11084 66.03382 100.4818
396 1744 1745 0.010201 112.6132 77.88564 5.320848 26.56776 114.8988
397 622 623 0.00532 31.78217 8.067141 70.61563 28.45483 82.05116
398 1167 1214 0.009755 80.0676 2.57188 20.50018 23.07648 30.52127
399 1167 1567 0.018111 11.6624 116.1883 15.14508 3.94897 31.14388
400 142 143 0.013547 20.03054 9.398285 117.2734 17.46563 2.356583
401 202 201 0.016997 69.54008 50.48659 3.859023 5.885131 63.74483
402 567 568 0.01614 1.889376 54.86443 81.68472 3.65708 36.85219
403 865 866 0.017842 24.62715 23.65873 4.01473 106.2156 75.29924
404 921 922 0.008562 70.11845 15.04313 11.10204 16.82071 63.0807
405 26 27 0.010523 83.66249 145.7379 19.17973 158.793 82.27387
406 991 990 0.020762 15.98039 53.54915 155.5034 76.72565 41.58379
407 1745 1746 0.010377 135.6363 41.84798 27.36028 74.83994 39.05048
408 623 624 0.009409 142.1664 20.59298 21.34601 110.4817 43.15004
409 1214 1215 0.026755 96.71084 13.82243 4.103292 134.1742 107.7642
410 1567 1568 0.031239 64.86535 19.62028 82.8585 90.8746 73.84525
411 143 144 0.019778 25.32796 7.694314 48.72211 26.07751 2.271081
412 201 200 0.00784 134.1121 62.76229 78.20439 80.12795 13.01839
413 568 569 0.019113 114.42 68.38069 8.573826 167.1918 17.5154
414 866 867 0.010565 2.808619 1.478286 57.19416 84.00587 174.812
415 922 923 0.013974 10.53138 32.1371 54.59969 50.63184 114.6179
416 27 28 0.00428 56.46854 41.46268 123.8262 56.25107 165.0351
417 990 989 0.029575 33.46321 33.28526 9.203258 45.90498 70.27779
418 1746 1747 0.044422 49.94123 138.7688 47.45575 46.03678 122.2774
419 624 625 0.00956 115.4939 39.37693 55.09705 29.30281 27.40833
420 1215 1216 0.017437 1.741398 30.56302 1.963963 103.0944 182.0086
421 1568 1569 0.015606 31.59443 9.798671 1.790855 113.3447 80.07865
422 144 145 0.007794 57.7416 50.91199 5.988478 126.1729 11.93071
423 200 199 0.023006 4.064154 71.61064 62.69903 12.84863 85.62796
424 569 570 0.017033 24.01406 45.05471 9.226377 43.23392 137.9364
425 867 934 0.018116 90.16742 11.10406 5.680959 120.5347 116.5918
426 867 1109 0.011284 39.43945 124.1404 88.39004 116.0796 3.790009
427 923 924 0.007158 105.1232 103.8975 113.1116 27.70757 19.48561
428 28 29 0.025794 11.11959 148.849 28.26328 69.8568 128.7163
429 989 988 0.02221 101.4105 79.95594 61.38934 172.4109 17.55128
430 1747 1748 0.01854 32.96967 23.31726 87.50955 86.93286 64.19864
431 625 626 0.009765 10.00797 80.64173 0.7078884 45.70323 121.272
432 1216 1217 0.011969 17.358 22.11116 10.7236 51.61751 24.02684
433 1569 1570 0.011478 58.19142 48.93904 48.38858 43.1879 99.93124
434 145 146 0.024411 52.97859 9.474861 15.72797 44.09663 141.2046
435 199 198 0.022167 14.03776 0.2293333 61.96187 10.18403 59.94717
436 570 571 0.01549 112.6942 0.2634287 38.30849 7.390479 82.0883
437 934 935 0.003779 80.89297 45.46647 81.29472 58.54626 10.85745
438 1109 1110 0.013818 84.25814 65.16328 3.796077 5.542406 154.1098
439 924 925 0.015516 83.26965 93.39394 85.3629 49.89497 1.72453
440 29 30 0.012105 109.3275 28.77868 53.47492 82.10781 10.26138
441 988 987 0.00685 58.88074 62.46836 13.62917 17.35081 58.09124
442 1748 1749 0.009842 58.20099 42.175 52.27344 68.80164 36.37802
443 626 388 0.016399 0.9557211 10.66202 16.79227 59.63982 73.50034
444 1217 1218 0.014956 110.4224 96.10838 18.22439 48.26224 128.8674
445 1570 1571 0.014761 1.329778 8.086493 138.1912 67.41346 4.612479
446 146 147 0.015927 44.34481 17.25191 130.7286 15.60705 55.84295
447 198 197 0.021107 38.78669 33.60556 138.1781 154.6483 97.18591
448 571 572 0.032357 109.0938 14.36854 33.80561 130.6364 5.62585
449 935 936 0.010465 32.93188 44.95463 26.67741 40.12524 10.58537
450 1110 1111 0.01928 9.382093 14.72451 6.060753 19.31248 19.18569
451 925 926 0.007198 38.24779 64.94303 11.80359 18.92937 2.619324
452 30 31 0.008134 100.3818 54.77547 63.69534 107.5406 22.093
453 987 986 0.021254 22.18162 65.43951 0.7952237 56.265 21.45892
454 1749 1750 0.013474 14.99378 38.06324 16.66474 165.6988 106.3923
455 388 389 0.01114 16.80311 56.0794 36.3632 119.0845 2.795995
456 388 541 0.015381 3.874025 12.50261 108.7142 58.37468 10.78012
457 1218 1219 0.023646 59.67936 1.940333 63.95218 11.77448 34.75747
458 1571 1572 0.013383 47.64941 96.36728 22.31251 54.70672 61.47655
459 147 148 0.014029 33.8138 1.560901 113.6768 16.71551 14.11663
460 197 196 0.033562 72.68872 12.19224 68.64623 160.1733 63.81804
461 572 573 0.029751 138.0399 6.985438 54.9844 0.5059512 87.07085
462 936 937 0.019942 0.1504597 0 51.34895 6.340402 67.19448
463 1111 1112 0.027525 63.27505 2.997061 10.82708 156.2109 59.15214
464 926 927 0.011868 62.62901 61.32371 54.91161 93.22276 68.00793
465 986 985 0.004223 77.02651 149.0159 55.95851 33.20655 42.33919
466 1750 1751 0.008672 0.9961698 104.6482 133.263 21.27638 6.629395
467 389 390 0.028183 2.681442 5.561597 12.49746 10.17745 29.47521
468 541 540 0.014845 96.96783 16.00798 29.59778 26.81808 62.56666
469 1219 1220 0.007707 0.9027372 21.82612 75.48756 58.38435 43.8291
470 1572 1573 0.030419 37.23938 89.78004 8.38204 128.6486 76.67708
471 148 149 0.006673 57.58322 78.90078 21.03699 53.63079 163.3434
472 196 195 0.021448 136.4485 62.47081 64.36744 65.5287 34.33163
473 573 574 0.01738 28.44128 21.09447 23.69185 16.08018 22.11714
474 937 938 0.024994 11.93308 0.3748017 85.83351 16.97017 115.365
475 1112 1113 0.01153 21.99691 132.3526 104.6772 81.73315 146.9087
476 927 928 0.021309 142.1416 41.91095 48.56411 22.98974 147.3139
477 985 984 0.016431 14.58678 5.30511 131.0954 67.73103 38.36226
478 1751 1752 0.014662 97.16129 42.66019 118.8765 12.9928 88.40649
479 390 391 0.008198 28.76102 20.95978 74.2308 87.44798 1.105836
480 540 539 0.017633 115.1201 11.38809 53.72012 112.0696 44.50895
481 1220 1221 0.025845 7.316039 115.6183 9.991818 15.98124 62.88474
482 1573 1574 0.015009 44.16378 73.65763 71.17969 157.6424 20.8102
483 149 150 0.00864 65.84491 7.76773 100.1062 20.84212 32.35425
484 195 194 0.030517 6.470086 0 93.68722 24.01773 21.88502
485 574 575 0.00832 5.255969 24.4902 58.07072 18.57693 134.7417
486 938 939 0.010602 0.4999327 87.3026 35.64497 66.45535 55.25902
487 1113 1114 0.032643 6.264382 19.64053 7.749494 2.731979 115.4248
488 928 929 0.007191 136.0387 139.8324 88.98676 13.8748 81.10859
489 984 983 0.007014 34.59852 162.9239 101.0831 19.50097 118.4647
490 1752 1753 0.010579 1.729018 21.56712 1.713341 42.62427 46.41767
491 391 392 0.019362 39.65253 24.02694 24.59569 24.71649 31.86707
492 539 538 0.032556 33.15391 70.1286 72.33024 26.00831 104.1607
493 1221 1222 0.010564 35.01143 183.1623 53.14759 4.656991 85.08543
494 1574 1575 0.021041 6.304749 37.8898 79.58121 0.7205076 14.98844
495 150 151 0.003817 68.95612 37.28795 86.87599 9.432411 32.92549
496 194 193 0.003795 158.7336 41.47186 107.8887 41.66998 25.22155
497 575 576 0.011524 10.77491 52.18333 161.7788 33.64274 35.71174
498 939 933 0.015068 46.55423 9.415327 68.51442 97.4922 12.89518
499 1114 1115 0.010637 133.7531 23.8294 15.98399 85.01627 30.72808
500 929 930 0.02328 86.43948 29.94515 12.45425 5.88109 18.80425
