0 0 1 0.002025 6.309723 99.02126 54.99167 30.95305 1.689131
2 1 2 0.014350 2.982117 76.39115 5.502841 7.615086 97.17153
1 0 6 0.005952 19.144 143.0179 93.34948 24.47404 25.03119
3 2 3 0.012279 29.56441 59.72881 45.92943 23.75122 5.881564
5 5 6 0.006157 32.50207 7.740602 0.7410908 69.90804 79.34223
4 3 4 0.011099 6.478665 59.18293 0.353621 5.268163 50.28238
6 5 7 0.001408 23.48462 54.46577 3.294147 7.597046 5.714427
7 5 8 0.012008 81.52426 10.70254 10.61539 29.7546 2.455484
8 7 265 0.003213 32.6487 84.61798 3.864805 26.25128 80.57069
9 8 298 0.005382 138.3656 52.75562 49.23216 67.47906 106.6833
274 264 265 0.053762 30.05197 26.01639 83.88028 11.77979 74.02804
307 298 299 0.032552 38.83727 8.925743 29.90054 35.62909 72.79338
273 263 264 0.026846 118.0701 43.44821 107.9047 30.8493 29.28449
308 299 300 0.038203 56.75618 119.3452 0.2008715 35.19967 51.73545
272 262 263 0.012712 20.50319 59.16562 174.9032 1.238396 185.266
309 300 301 0.031739 63.09314 14.11277 139.9916 22.47043 64.10889
271 261 262 0.047586 186.2921 21.99478 27.23756 40.72822 0.3913068
310 301 302 0.008548 62.14663 2.600737 123.2352 147.9535 112.6997
270 260 261 0.022314 20.43371 185.6159 173.7804 152.1684 34.423
311 302 303 0.022160 188.0566 23.30106 39.36863 51.81608 58.23608
269 259 260 0.048560 154.2496 1.77337 2.906992 52.57728 17.41092
312 303 304 0.003761 42.52056 48.5374 65.23114 4.980153 34.99802
266 258 259 0.004780 98.06124 19.87624 60.86504 42.84678 129.6539
313 304 305 0.013606 151.7903 0.7676865 36.66835 34.48325 132.1911
267 258 297 0.004359 19.57722 47.27738 118.0389 1.854983 99.13226
268 258 336 0.007862 84.27254 34.80008 23.22582 3.086398 51.02743
314 305 306 0.009618 3.605135 8.570786 32.57393 42.2295 0.570938
305 297 434 0.043169 89.97938 41.65237 8.977271 103.2144 19.84042
306 297 700 0.025031 31.39936 71.15881 93.11409 43.00611 7.017091
345 335 336 0.055641 100.6606 14.09978 21.48989 2.117858 2.81846
315 306 307 0.015385 46.4185 22.20834 58.53521 132.1688 15.80778
444 433 434 0.006456 56.24392 140.4245 71.60204 112.2087 163.3054
717 699 700 0.010310 21.65438 25.18001 142.9007 122.8248 34.94891
344 334 335 0.015798 43.25622 86.80787 101.5514 71.51362 97.97144
316 307 308 0.016124 34.37599 80.83469 36.88905 23.69914 81.15962
443 432 433 0.006754 6.877113 33.96597 24.06057 30.81899 45.41997
716 698 699 0.052099 112.1582 10.39049 177.1411 18.95792 0.5576503
343 333 334 0.007269 77.58247 128.652 31.24304 33.22223 72.60925
317 308 309 0.018617 7.0828 95.80418 121.4478 120.0816 0.1446314
442 431 432 0.008977 0.1727603 11.67837 31.42358 134.6958 29.03092
715 697 698 0.007614 46.37966 21.37182 78.14852 13.87874 99.82833
342 332 333 0.018655 15.243 41.11898 10.59258 43.3322 111.9227
318 309 310 0.048724 0 3.811234 38.25246 50.9053 136.4114
441 430 431 0.005194 32.30888 0.8397502 26.91361 36.5561 18.65792
714 696 697 0.005620 40.57446 67.19305 140.1165 49.30268 152.2636
341 331 332 0.018519 18.74378 23.93225 28.07433 35.84935 80.73447
319 310 311 0.006740 31.82454 52.98592 10.36382 62.98093 29.85655
440 429 430 0.009704 34.16476 41.97334 34.55439 75.43961 15.7557
713 695 696 0.044179 1.429108 52.19773 126.0802 101.259 5.586442
340 330 331 0.005668 32.36474 62.28306 32.57222 81.42328 104.1116
320 311 312 0.007868 47.54766 57.91227 86.7896 79.4312 101.8566
439 428 429 0.016951 5.749067 77.40787 10.30844 85.92485 43.26207
712 694 695 0.054184 50.10933 11.2018 28.6105 33.63354 14.98921
339 329 330 0.003881 17.6978 6.972254 27.41535 81.96548 65.12159
321 312 313 0.009712 29.24978 52.41658 30.75245 165.6196 31.63416
438 427 428 0.006420 48.9771 5.161538 145.6331 117.7016 112.8515
711 693 694 0.017257 164.4942 141.8148 1.300808 2.410704 0.6316065
338 328 329 0.022961 21.11023 36.54841 110.6998 106.9649 10.27585
322 313 314 0.008879 51.94473 73.68627 7.558967 47.49699 25.94563
437 426 427 0.016224 65.44175 46.47828 131.9971 3.30339 61.8401
710 692 693 0.027893 73.86782 35.22812 36.68533 12.20743 10.57933
337 327 328 0.039788 32.67632 2.268715 15.39119 55.19867 39.53632
323 314 315 0.014656 66.3951 155.0819 66.07821 73.47754 13.61927
436 425 426 0.015453 131.5517 26.41859 11.44122 14.52986 4.142412
709 691 692 0.002032 95.75791 34.83152 0.7157546 14.57988 16.47953
336 326 327 0.046499 72.68593 38.19389 59.72398 101.8888 7.326699
324 315 325 0.014302 14.29165 13.68688 74.59307 1.212873 74.91505
325 315 627 0.003280 1.20193 0.7493276 17.46878 136.3867 74.81783
435 424 425 0.009289 73.07844 12.2545 35.6113 15.84514 10.5234
708 690 691 0.006951 22.67989 1.759577 35.15162 8.108793 88.10913
335 325 326 0.039453 2.06022 45.99151 138.5511 141.3287 5.902157
642 627 628 0.011638 189.3391 80.43712 79.23975 33.56277 0.7920949
434 423 424 0.012169 8.636376 156.6125 2.773447 15.56285 5.926122
707 689 690 0.010365 134.873 13.77961 11.46778 27.53632 7.38202
643 628 629 0.010705 24.70891 58.97248 8.661829 26.96125 87.45257
433 422 423 0.011729 33.80376 172.2167 85.22485 3.542729 113.4931
706 688 689 0.029454 17.30142 45.51049 78.26896 1.771189 32.68431
644 629 630 0.019697 6.095221 30.68107 14.48576 12.98142 12.85309
432 421 422 0.029040 42.07272 142.8588 44.30944 114.0822 26.29997
705 687 688 0.025105 86.51452 90.28171 26.83822 105.4939 24.41074
645 630 631 0.030543 41.33934 2.58395 99.19047 30.79099 5.248234
431 420 421 0.040332 52.6625 3.017294 1.437068 18.56973 25.47836
704 686 687 0.009429 1.689272 82.42812 41.94874 75.15325 73.25654
646 631 632 0.027271 138.9095 50.52156 63.12841 26.38014 37.44655
430 419 420 0.031423 95.37032 130.4765 92.17245 77.41413 3.674315
703 685 686 0.010324 134.0514 5.891521 69.19393 63.58112 37.42355
647 632 633 0.032294 10.15093 23.63534 106.6173 15.31632 152.4228
429 418 419 0.013209 42.59578 105.1416 11.57049 22.69469 12.29059
702 684 685 0.026179 129.3392 36.66992 5.774676 23.34682 4.770947
648 633 634 0.015796 16.24179 65.57972 0.3979896 73.7733 4.462842
428 417 418 0.003413 19.88166 89.58382 8.277849 3.262484 11.36356
701 683 684 0.013233 83.55148 62.35741 54.71511 39.01048 171.0837
649 634 635 0.000805 1.869447 13.73458 20.41926 150.0791 59.68857
427 416 417 0.030400 1.890945 21.6129 30.23095 66.17091 3.704415
698 682 683 0.004121 60.08242 7.182984 57.39554 55.47927 14.57261
650 635 636 0.022394 6.739429 89.37349 54.45501 120.9907 2.465497
426 415 416 0.035133 11.07246 96.20685 55.54055 2.203043 2.056464
699 682 719 0.002514 26.82065 95.51971 18.74427 7.28306 71.79454
700 682 889 0.004577 11.04939 46.18935 191.0415 56.04262 66.71791
651 636 637 0.006974 11.95845 5.022764 16.26169 53.73108 80.6533
425 414 415 0.014141 31.20717 43.07823 5.427888 5.158799 141.6327
735 718 719 0.004354 38.09806 74.1227 1.005581 96.5971 4.695593
909 888 889 0.025506 15.95992 11.84929 58.45343 119.7315 13.31919
652 637 638 0.010313 139.2376 24.43783 114.2805 49.56693 58.54466
424 413 414 0.083890 48.38956 11.81895 12.13537 13.18565 135.6041
734 717 718 0.006496 16.64587 5.886677 38.80991 53.98616 0
908 887 888 0.011979 97.12348 38.69668 1.332227 4.132245 2.777942
653 638 639 0.011253 93.65915 3.629791 162.014 3.850331 11.46189
423 412 413 0.058289 12.78185 20.29428 1.122937 44.20332 39.24485
733 716 717 0.020792 100.2395 29.77864 105.4474 26.31599 39.34469
907 886 887 0.003772 28.98171 143.684 28.65966 0.3484663 0.3873658
654 639 640 0.014834 30.15268 2.44561 19.93558 21.32986 1.220773
422 411 412 0.012403 26.19663 67.00269 11.46562 30.85804 46.50028
732 715 716 0.037311 7.241088 1.270786 77.28044 19.82387 91.72269
906 885 886 0.024511 52.69121 14.6733 50.5139 76.55656 23.36959
655 640 641 0.043803 20.06754 34.05282 50.93613 104.0816 0
421 410 411 0.007994 14.19233 54.29748 6.03206 38.79285 115.0915
731 714 715 0.018770 9.935255 138.2923 182.4456 18.94334 11.15942
905 884 885 0.009999 30.54963 47.44398 26.42918 95.30009 1.215143
656 641 642 0.023013 72.6374 0.6202199 35.80161 51.92301 5.156798
420 409 410 0.033033 109.5671 20.65785 8.024592 38.60089 15.9684
730 713 714 0.033834 58.78407 154.879 14.03546 16.87 58.30983
904 883 884 0.054610 35.24369 152.0557 47.13533 45.19257 2.613478
607 592 642 0.003616 11.289 7.150157 22.47122 48.77254 13.21401
419 408 409 0.029516 9.499494 120.7787 21.57479 105.6148 9.746892
729 712 713 0.014821 27.87115 114.8877 150.6836 10.81451 91.38969
903 882 883 0.026748 15.35616 33.28109 31.37604 30.15214 122.6293
606 592 593 0.011772 10.04504 63.23367 79.73958 2.464916 67.60977
608 592 1083 0.020933 98.17715 31.92379 26.75533 92.76866 73.34608
418 407 408 0.016602 26.6005 93.67381 84.61693 110.9082 110.6288
728 711 712 0.027650 31.68459 6.723537 37.65841 144.1082 75.34843
902 881 882 0.010577 133.6818 121.3288 1.435632 42.71184 6.138319
609 593 594 0.013466 71.51099 38.78988 84.58683 78.90545 71.08051
1108 1083 1084 0.014324 70.37248 55.63488 95.41855 24.65224 26.87418
364 354 407 0.006928 87.87241 138.636 12.71451 56.28056 21.39676
727 710 711 0.001649 96.2629 41.40947 82.56636 38.99824 36.74215
900 880 881 0.016198 0 16.39323 63.69943 51.62158 1.905843
610 594 595 0.004519 39.78091 53.03407 145.1608 23.2814 125.8672
1109 1084 1085 0.007844 38.91318 63.47501 129.7946 0.9590844 14.03029
363 353 354 0.006125 4.776899 31.28562 17.25191 95.32057 14.24535
726 709 710 0.013104 47.06823 4.859956 28.46059 147.8416 101.6094
901 880 913 0.019154 158.3192 25.19089 9.285697 38.50027 40.28209
611 595 596 0.017403 103.5668 35.04952 106.1631 63.70954 91.62877
1110 1085 1086 0.021226 11.5212 36.39804 35.40228 87.01085 119.4051
355 346 353 0.003416 67.59361 0.1421147 106.2492 61.21055 59.76595
358 347 353 0.002305 46.41273 24.6925 61.22688 64.04527 65.21535
725 708 709 0.028092 160.4739 46.09488 0.01672308 62.72944 4.133516
933 913 916 0.015169 45.55452 12.47773 51.49409 50.24903 55.87079
934 913 1027 0.021019 24.27814 133.3631 55.16561 55.57738 25.75927
612 596 597 0.006674 56.25637 12.90058 44.59497 48.38019 81.607
1111 1086 1087 0.015611 1.988109 129.1205 71.58707 18.5813 17.2261
354 345 346 0.017577 102.7259 0.3100528 4.9689 36.70948 89.43674
356 346 387 0.019318 128.8068 22.70493 163.4738 47.72238 58.60302
357 347 348 0.041055 61.66131 17.90151 111.7533 48.58544 50.03701
724 707 708 0.010620 18.13614 14.78101 57.80886 60.86917 7.036728
936 915 916 0.021244 94.82808 105.7272 47.81544 103.6293 27.13593
1051 1027 1028 0.009448 73.56747 28.64892 33.77597 90.53241 2.493385
613 597 598 0.005963 153.2135 16.26768 8.219407 67.52841 56.96789
1112 1087 1088 0.008247 95.41304 104.692 1.887927 9.144127 69.63644
353 344 345 0.032178 25.62888 23.09682 24.5487 16.71283 2.235755
397 387 469 0.008644 3.311345 3.930015 112.3743 11.05587 54.68941
359 348 349 0.011584 91.49541 72.26463 93.0019 31.6607 44.3852
723 706 707 0.010474 32.13597 31.40228 37.9442 118.7697 10.33427
935 914 915 0.009557 20.79471 184.7644 68.39673 95.61798 181.783
1052 1028 1029 0.103112 38.66532 30.88954 14.37097 25.5395 36.74453
614 598 599 0.021033 83.17602 125.1017 147.3872 192.2255 12.85701
1113 1088 1089 0.035553 72.49066 19.79085 21.09587 15.73697 2.640986
352 343 344 0.007215 55.67169 146.3068 72.98938 46.84035 27.94913
479 469 470 0.008245 45.88308 45.05584 62.9393 0 160.4521
360 349 350 0.027928 34.60598 136.3383 37.80708 174.4087 75.43046
722 705 706 0.011079 112.8917 108.5971 101.8453 11.7433 27.02427
895 874 914 0.026193 9.61274 5.795457 46.66128 18.25601 100.0899
1053 1029 1030 0.002515 16.15154 54.97779 48.16486 46.6721 12.75326
615 599 600 0.019845 6.950078 10.34894 146.492 39.75661 116.291
1114 1089 1090 0.007618 4.966461 84.12965 10.04376 74.02521 79.13161
351 342 343 0.012144 19.87147 87.95836 25.85117 42.25396 28.10506
480 470 516 0.017702 30.94302 12.84955 64.33578 120.2654 1.221236
481 470 545 0.036389 3.187411 77.06814 19.9948 110.7038 6.631605
361 350 351 0.016831 10.63941 15.47998 4.793894 40.77269 7.619699
721 704 705 0.015652 35.15112 27.58458 94.89545 71.44292 28.13232
893 873 874 0.018993 96.20346 42.54366 22.49776 140.0518 12.45895
894 874 879 0.009426 3.599895 150.0617 136.8175 159.4337 11.13812
1054 1030 1031 0.014368 18.00946 127.4309 9.806048 13.20254 44.06291
616 600 601 0.006786 31.51353 27.18009 157.9556 0.1317265 91.29993
1115 1090 1091 0.003151 46.50563 40.13779 35.84449 94.37196 39.03433
350 341 342 0.006502 23.32713 34.91036 1.051551 53.92023 1.04557
528 516 517 0.011969 8.710684 79.0817 48.70652 112.7657 59.37497
558 545 546 0.013373 119.4319 2.325902 23.35994 22.75876 30.09679
362 351 352 0.021533 5.102869 124.1958 37.30482 60.81505 89.02652
720 703 704 0.015619 50.3713 42.31902 14.90674 40.60344 69.3604
892 872 873 0.033549 57.48851 72.06949 2.163636 36.60753 30.81273
899 878 879 0.013028 13.11891 7.912056 19.28727 23.39277 14.78239
1049 1026 1031 0.004179 23.14173 6.864635 10.38634 38.9349 12.39618
617 601 602 0.011992 44.1627 52.36625 0 0.2611376 0.167943
1116 1091 1092 0.008475 4.406217 2.494931 125.3238 97.53205 88.82585
349 340 341 0.017330 13.01544 169.0724 35.39672 45.15859 27.28976
529 517 518 0.019113 11.76791 9.918176 121.3112 117.4406 65.35809
559 546 547 0.010688 93.45676 30.65421 81.79937 25.86973 21.25313
41 39 352 0.011856 4.277768 5.057793 148.7363 1.893069 64.81267
719 702 703 0.014352 106.3235 7.234942 46.46301 34.23957 93.09081
891 871 872 0.018769 8.02698 16.92566 92.18739 55.37719 80.99658
898 877 878 0.040263 85.53102 9.700747 77.55359 101.475 66.08453
1048 1025 1026 0.006304 14.66918 10.33979 12.37077 19.7261 133.4632
1050 1026 1032 0.009283 38.10107 14.21717 1.638973 20.15081 6.923293
618 602 603 0.032998 40.49114 1.438519 38.1233 13.18924 104.8404
1117 1092 1093 0.014568 0.9463751 5.239106 37.70393 37.45346 72.82236
348 339 340 0.009984 95.54739 8.371998 127.394 161.2278 16.55266
530 518 519 0.022519 26.83661 93.69984 19.08011 47.30838 96.67467
560 547 548 0.009708 9.202003 28.59127 87.17103 1.736321 29.32729
39 38 39 0.029701 143.943 164.8939 4.199818 56.53242 28.1277
40 39 81 0.014980 73.80569 51.74083 2.375802 46.73663 8.689316
718 701 702 0.036672 23.39415 30.10708 104.4504 13.44883 41.57773
890 870 871 0.009033 116.004 18.72524 31.65461 40.47182 59.83174
897 876 877 0.009224 66.59431 50.73981 37.61338 49.52464 43.00622
1047 1024 1025 0.005016 7.673649 26.63262 46.7403 111.1694 43.65207
1055 1032 1153 0.011153 48.9548 1.232767 57.31804 59.92662 107.9637
1056 1032 1726 0.039439 124.3967 5.812184 52.95862 8.326534 107.5651
619 603 604 0.002268 7.830034 5.436159 109.4197 14.53936 11.23461
1118 1093 1094 0.035933 17.15251 13.95579 12.27694 17.94412 109.8166
87 82 339 0.013596 62.85743 29.84637 49.66274 100.0903 15.19214
531 519 520 0.039687 26.09467 43.85051 54.02784 115.8236 47.3302
561 548 549 0.003362 15.35574 5.965288 8.375225 0.3360233 12.97327
38 37 38 0.013728 49.43451 100.4302 95.64393 109.6664 51.42527
85 81 82 0.006983 32.33478 2.825626 14.12845 3.786607 28.84027
555 543 701 0.005718 21.67488 22.29412 97.92435 161.2181 48.95118
889 869 870 0.085589 7.380004 70.04459 69.46283 34.2582 59.62787
896 875 876 0.021337 0.4146137 56.18442 53.55776 31.70502 44.87986
1046 1023 1024 0.001405 19.79738 54.36345 24.7248 20.71347 48.88656
1179 1153 1154 0.010550 33.47743 99.77537 48.55205 103.9185 8.425988
1758 1726 1727 0.012854 5.66399 156.6782 18.77602 14.01095 67.09881
620 604 605 0.015062 80.48334 21.04574 60.23879 21.4404 9.699261
1119 1094 1095 0.011224 29.51816 90.93036 148.2673 57.61584 74.23603
86 82 98 0.025227 8.300902 36.7736 46.66998 41.88936 10.25384
532 520 521 0.004787 74.76321 20.45901 9.290418 35.01031 130.0873
562 549 550 0.022047 52.46788 11.19236 116.5744 48.55395 46.53752
12 9 37 0.002948 90.04205 175.0886 27.10853 53.80519 113.1295
554 542 543 0.005106 92.74033 147.1265 123.9187 105.3108 138.9378
556 543 868 0.006680 13.29873 33.28633 16.20308 32.41105 34.82193
888 868 869 0.030856 1.906184 28.06192 36.18587 48.78275 80.41895
837 821 875 0.003921 65.80598 126.3396 97.91186 113.1862 19.07268
1180 1154 1155 0.007511 101.794 21.88781 53.86477 102.3234 70.17789
1759 1727 1728 0.011980 53.51999 25.42781 86.45423 65.14719 47.13091
621 605 606 0.009128 18.75782 164.0872 10.38899 62.141 0.09347582
1120 1095 1096 0.006256 102.8847 70.54166 15.6954 51.65793 11.11641
104 97 98 0.012552 27.37327 83.51944 31.95779 4.738389 150.665
533 521 522 0.003819 0.4369913 60.70898 128.4001 39.06567 59.48327
563 550 551 0.017009 32.01435 121.271 88.73574 12.82321 48.04482
10 9 10 0.012940 0 82.38131 113.3109 87.57705 91.11451
11 9 36 0.018695 29.84322 19.54699 142.3314 59.46046 109.1183
534 522 542 0.005775 8.706244 9.887506 60.19351 76.77126 26.90192
836 820 821 0.008111 20.1587 4.456247 92.11497 56.9591 147.165
838 821 1007 0.004729 5.556233 0 122.0071 17.24625 52.37558
1181 1155 1156 0.021010 97.28464 25.98446 2.18521 30.8565 52.1353
1760 1728 1729 0.013463 111.2272 46.7676 127.0075 6.137314 52.93219
622 606 607 0.024794 2.261722 2.76546 13.98991 82.62749 63.35529
1121 1096 1097 0.005318 29.29123 179.4103 48.52446 0.740435 111.4568
103 96 97 0.011688 73.36609 13.16735 4.172852 42.54198 95.64032
535 522 817 0.007179 5.291548 70.53618 63.95443 25.43789 2.626187
564 551 552 0.028054 130.232 46.62162 2.642258 56.56753 112.1407
13 10 11 0.013238 2.483619 54.96733 5.250303 6.24472 53.94903
37 35 36 0.060716 54.44641 42.26036 105.3544 60.4639 82.28161
835 819 820 0.039260 0 66.54913 24.00414 147.1778 31.75725
1031 1006 1007 0.012846 5.550014 12.52871 62.51196 9.606942 3.736953
1182 1156 1157 0.031504 36.15414 7.489893 65.51714 92.46351 39.23597
1761 1729 1730 0.022930 29.33082 25.14164 56.69398 19.92005 12.78217
623 607 608 0.022934 65.18765 88.49228 29.89856 92.2653 67.89702
1122 1097 1098 0.019608 107.6039 161.6629 22.75924 51.85271 18.33332
102 95 96 0.006112 14.26725 130.2716 46.58532 19.93639 9.038748
833 817 818 0.016712 13.50986 16.5085 60.35485 30.77147 56.39168
565 552 553 0.005718 17.48053 23.88115 97.26073 63.46862 67.19356
14 11 12 0.028027 134.4182 145.7089 108.9647 53.37846 38.02544
36 34 35 0.010447 49.84866 27.49089 18.74512 44.82046 5.596517
834 818 819 0.064256 42.46762 9.919505 19.79067 17.98137 90.62957
1030 1005 1006 0.006669 97.42294 125.1687 74.16942 17.96161 57.42696
1183 1157 1158 0.016029 16.09175 76.62567 38.44473 10.20974 15.65744
1762 1730 1731 0.027494 61.68155 9.815493 124.7515 178.0365 77.63713
624 608 609 0.020521 0.8308221 0.9737152 68.19466 4.946059 24.13614
1123 1098 1099 0.009851 14.66405 44.16223 139.9832 127.7359 11.73959
101 94 95 0.020742 62.56704 9.749439 51.55674 130.3577 36.4855
566 553 554 0.005072 38.11588 97.94966 137.9127 173.5651 55.47757
15 12 13 0.016322 82.89191 136.1344 15.1283 62.74087 15.73567
35 33 34 0.036841 146.4515 0.4429443 72.01759 70.67275 63.16742
1029 1004 1005 0.012952 3.976502 129.4524 73.11378 89.27296 65.74403
1184 1158 1159 0.013953 73.7056 146.2007 30.07445 39.51309 89.17397
1763 1731 1732 0.011955 174.0645 68.76087 68.93448 47.08059 31.21287
625 609 610 0.009326 108.2227 2.828098 147.8602 26.20409 8.042156
1124 1099 1100 0.007066 34.54765 0.6001086 32.98789 130.9255 77.17353
100 93 94 0.012298 8.315598 29.18918 0.7957602 52.45537 53.51416
567 554 555 0.025252 0.7591828 8.37784 90.5811 30.66489 4.038826
16 13 14 0.032190 64.33395 115.6719 41.33434 110.1805 62.23511
34 32 33 0.004146 9.47761 26.11384 35.19658 6.74975 87.07648
1028 1003 1004 0.009814 90.59477 33.49796 30.78904 36.95749 79.64516
1185 1159 1160 0.010828 17.58962 23.81373 30.10504 61.29216 82.49714
1764 1732 1733 0.004545 14.0217 146.7364 26.84246 70.20671 3.637104
626 610 611 0.006111 0.2239392 50.94512 144.1869 82.48949 9.390406
1125 1100 1101 0.006309 102.2946 29.62137 17.50344 73.54764 22.40428
99 92 93 0.016769 130.5472 3.214881 32.76671 19.82532 76.69843
568 555 556 0.016158 17.04773 155.0183 104.3794 65.01053 49.02998
17 14 15 0.009105 22.51901 10.70434 121.3606 0.01349983 120.9458
1027 1002 1003 0.023170 41.08416 39.53692 18.98039 82.43276 0.5598512
1186 1160 1161 0.016136 67.81876 70.98667 100.0355 1.364257 6.019039
1765 1733 1734 0.022012 10.24379 48.40958 5.04592 16.05667 105.9233
627 611 612 0.017485 18.42543 79.90601 38.65444 21.85524 66.22401
1126 1101 1102 0.010326 132.3046 23.36233 39.05817 137.5869 19.90691
98 91 92 0.024057 56.77889 3.405475 34.83487 23.77847 27.55986
569 556 557 0.025789 8.816335 18.62267 44.50539 66.23359 17.0659
18 15 16 0.012708 15.19115 67.64523 25.0524 38.36924 4.979288
1026 1001 1002 0.013183 4.963214 25.12398 5.972003 86.61639 42.61372
1187 1161 1162 0.021813 22.10677 107.4555 26.99437 50.02777 11.50335
1766 1734 1735 0.015172 163.291 76.35165 9.227376 46.52221 8.480178
628 612 613 0.005203 9.124424 107.5053 155.007 31.08592 89.3541
1127 1102 1103 0.006106 44.14344 62.0046 133.545 90.32579 16.98841
97 90 91 0.006190 11.77951 4.147663 169.2968 0.9295597 71.65688
570 557 558 0.010251 48.22121 0 32.30493 12.82714 97.94066
19 16 17 0.026648 26.38694 67.29772 31.42593 0.2405613 49.96279
1025 1000 1001 0.026309 73.24772 83.93355 54.73754 133.4212 23.8154
1188 1162 1163 0.011044 1.0144 155.2281 88.40689 10.557 20.75525
1767 1735 1736 0.049678 24.90121 15.21682 24.68741 104.0322 48.47867
629 613 614 0.015677 41.69926 38.0785 104.5453 32.02196 159.5251
1128 1103 1104 0.000566 46.34158 128.5039 40.35927 37.95408 97.65101
96 89 90 0.008265 17.02908 85.4622 0.8454728 92.14626 84.04253
571 558 559 0.009336 9.125766 6.148402 71.86217 62.27296 0.1616139
20 17 18 0.009636 120.8579 20.14702 43.86177 58.42899 132.2179
1024 999 1000 0.011291 29.1349 127.6206 3.059464 25.7252 21.893
1189 1163 1168 0.012257 38.49564 34.62333 16.12479 50.85598 30.54993
1768 1736 1737 0.016693 11.23392 47.80725 90.24358 74.68159 55.95327
630 614 615 0.006818 99.44288 186.1482 30.79577 13.95769 8.136818
1129 1104 1105 0.027349 8.273862 26.10105 61.52521 3.810479 23.07857
95 88 89 0.009922 16.06981 51.36604 43.62125 56.45202 29.93458
572 559 560 0.020063 19.18521 70.29665 60.21015 138.5117 20.44751
21 18 19 0.014209 13.12514 124.9528 2.937993 44.73327 93.74005
1023 998 999 0.012701 10.14656 10.55986 9.719436 178.9484 75.96214
1195 1168 1169 0.002131 75.22012 29.81244 89.9413 75.66432 0
1769 1737 1738 0.027538 96.16464 40.31479 87.98255 13.62279 59.34458
631 615 616 0.037264 53.40651 71.27836 10.05415 42.69449 6.055107
1130 1105 1106 0.035448 8.809418 107.9538 52.25183 47.09875 49.83761
94 87 88 0.017547 146.8911 95.63416 103.1657 0.1806694 4.484508
573 560 561 0.020721 41.25953 111.6234 7.76534 107.0584 48.07658
574 560 590 0.002751 15.80803 71.95914 89.86063 2.71105 3.75827
22 19 20 0.008261 32.98206 84.94292 40.96318 35.59249 87.37141
1022 997 998 0.008459 30.62015 7.561154 11.66726 92.72624 40.39438
1196 1169 1170 0.042520 47.42928 3.410896 0.4572983 4.949597 121.536
1770 1738 1739 0.004420 22.08318 47.66578 126.4817 26.04226 48.37746
632 616 617 0.012234 101.9835 95.93205 9.654842 53.86168 196.8192
1131 1106 1107 0.020262 113.9809 3.548388 185.3274 12.41084 10.66153
93 86 87 0.018688 24.8527 71.93309 48.05307 25.33235 7.716318
575 561 562 0.008444 133.3386 66.57256 148.9392 19.46201 12.40609
603 590 591 0.001495 85.61823 19.29922 19.64042 26.81656 3.439382
23 20 21 0.011507 0.7153969 43.78836 73.9373 9.894186 136.5898
1021 996 997 0.018930 80.58385 17.53203 76.69167 41.87504 5.502978
1197 1170 1171 0.057897 16.75969 11.97753 52.13445 0.3559534 4.768625
1771 1739 1740 0.021205 35.9288 23.09112 97.2414 6.923618 10.72449
633 617 618 0.011493 9.214581 36.58235 88.72699 43.6406 39.00508
1132 1107 1108 0.027780 3.22881 92.21004 33.27369 0.7824844 12.21934
92 85 86 0.023237 166.1648 49.07828 13.11521 34.50418 120.8785
576 562 563 0.023499 24.90813 8.648048 22.44438 90.80708 56.0504
604 591 861 0.026088 122.4742 113.7501 64.43996 0.2698019 42.72565
605 591 917 0.016669 89.85871 149.2284 7.177001 80.41202 11.74541
24 21 22 0.008586 1.588996 50.2341 20.33068 16.21896 34.20451
1020 995 996 0.009900 81.58289 131.3612 7.042743 103.05 16.99314
1198 1171 1172 0.061372 47.16487 156.1718 33.77192 122.2938 102.3661
1772 1740 1741 0.072058 4.581731 74.88054 11.14703 23.88322 46.23346
634 618 619 0.039690 81.27588 18.6658 24.65136 3.264743 40.05838
1133 1108 1164 0.021465 40.25766 3.794406 38.02216 11.65629 47.43314
1134 1108 1173 0.042357 7.574387 5.299687 56.41205 2.372419 31.21855
91 84 85 0.018784 46.12988 30.46567 75.04691 32.47429 128.4177
577 563 564 0.034261 134.0734 13.47324 3.196747 22.98698 181.6815
880 861 862 0.055392 49.52533 64.90668 78.44361 46.18966 94.10172
937 917 918 0.019646 1.452668 41.11625 49.29247 57.29819 30.74993
25 22 23 0.011969 84.45246 54.78625 6.152137 108.8941 3.561146
1019 994 995 0.003751 13.56384 81.73991 0.1204596 49.26907 69.99993
1199 1172 1173 0.002502 35.22392 132.0652 27.00351 45.01339 94.7144
1773 1741 1742 0.022133 104.3726 24.72621 44.08114 48.46944 69.93933
635 619 620 0.006579 105.1435 111.4291 45.68439 63.04863 11.63229
1190 1164 1165 0.048102 93.28937 13.66672 92.58685 34.65408 4.727042
88 83 84 0.004685 31.23575 18.93816 51.32087 33.91105 38.59796
578 564 565 0.009757 59.0267 47.06769 44.03565 6.559552 70.8335
881 862 863 0.028605 3.783787 13.1575 135.9105 0.4703403 13.79926
938 918 919 0.014686 59.19251 17.4775 50.09381 81.01897 5.374898
26 23 24 0.011713 23.57302 11.80235 13.18362 83.82391 106.8636
1018 993 994 0.012147 101.0363 157.992 98.54765 23.83596 8.448374
1774 1742 1743 0.013874 5.81528 80.00027 3.919123 8.465433 27.24162
636 620 621 0.007334 107.5122 10.43715 71.8772 50.2131 76.91502
1191 1165 1166 0.013967 7.757122 68.47301 47.38186 8.17482 7.725944
89 83 141 0.032288 2.739705 9.717358 19.42327 39.11056 10.28475
90 83 203 0.007657 102.1306 23.67382 2.834478 9.472965 52.27597
579 565 566 0.018632 1.093445 60.29331 4.833606 134.6387 68.55065
882 863 864 0.025978 65.94342 52.59085 82.26399 170.4256 1.466491
939 919 920 0.017089 89.71636 55.55396 13.74384 0.5334638 43.82995
27 24 25 0.011671 101.248 72.20766 63.66159 98.86491 42.25099
1017 992 993 0.007850 13.67726 17.04838 4.747672 31.18394 12.77806
1775 1743 1744 0.001255 21.47993 4.885483 3.028139 125.5718 19.85466
637 621 622 0.008184 63.00285 4.074372 2.667321 19.02442 70.52759
1192 1166 1167 0.019331 158.3165 153.9612 35.32243 31.63222 3.593184
147 141 142 0.014467 24.73694 31.85143 63.30366 9.390108 118.356
209 202 203 0.012466 63.57904 1.738891 14.59746 68.1239 50.61558
580 566 567 0.007762 86.72213 28.25722 54.42421 49.5288 139.5819
883 864 865 0.003341 20.10264 71.99264 67.50362 55.78479 26.29519
940 920 921 0.011955 13.66213 49.57475 15.9828 4.165751 119.4898
28 25 26 0.007185 34.40458 94.9277 32.16034 103.3789 7.613135
1016 991 992 0.007576 5.886616 61.11561 41.11084 66.03382 100.4818
1776 1744 1745 0.010201 112.6132 77.88564 5.320848 26.56776 114.8988
638 622 623 0.005320 31.78217 8.067141 70.61563 28.45483 82.05116
1193 1167 1214 0.009755 80.0676 2.57188 20.50018 23.07648 30.52127
1194 1167 1567 0.018111 11.6624 116.1883 15.14508 3.94897 31.14388
148 142 143 0.013547 20.03054 9.398285 117.2734 17.46563 2.356583
208 201 202 0.016997 69.54008 50.48659 3.859023 5.885131 63.74483
581 567 568 0.016140 1.889376 54.86443 81.68472 3.65708 36.85219
884 865 866 0.017842 24.62715 23.65873 4.01473 106.2156 75.29924
941 921 922 0.008562 70.11845 15.04313 11.10204 16.82071 63.0807
29 26 27 0.010523 83.66249 145.7379 19.17973 158.793 82.27387
1015 990 991 0.020762 15.98039 53.54915 155.5034 76.72565 41.58379
1777 1745 1746 0.010377 135.6363 41.84798 27.36028 74.83994 39.05048
639 623 624 0.009409 142.1664 20.59298 21.34601 110.4817 43.15004
1242 1214 1215 0.026755 96.71084 13.82243 4.103292 134.1742 107.7642
1598 1567 1568 0.031239 64.86535 19.62028 82.8585 90.8746 73.84525
149 143 144 0.019778 25.32796 7.694314 48.72211 26.07751 2.271081
207 200 201 0.007840 134.1121 62.76229 78.20439 80.12795 13.01839
582 568 569 0.019113 114.42 68.38069 8.573826 167.1918 17.5154
885 866 867 0.010565 2.808619 1.478286 57.19416 84.00587 174.812
942 922 923 0.013974 10.53138 32.1371 54.59969 50.63184 114.6179
30 27 28 0.004280 56.46854 41.46268 123.8262 56.25107 165.0351
1014 989 990 0.029575 33.46321 33.28526 9.203258 45.90498 70.27779
1778 1746 1747 0.044422 49.94123 138.7688 47.45575 46.03678 122.2774
640 624 625 0.009560 115.4939 39.37693 55.09705 29.30281 27.40833
1243 1215 1216 0.017437 1.741398 30.56302 1.963963 103.0944 182.0086
1599 1568 1569 0.015606 31.59443 9.798671 1.790855 113.3447 80.07865
150 144 145 0.007794 57.7416 50.91199 5.988478 126.1729 11.93071
206 199 200 0.023006 4.064154 71.61064 62.69903 12.84863 85.62796
583 569 570 0.017033 24.01406 45.05471 9.226377 43.23392 137.9364
886 867 934 0.018116 90.16742 11.10406 5.680959 120.5347 116.5918
887 867 1109 0.011284 39.43945 124.1404 88.39004 116.0796 3.790009
943 923 924 0.007158 105.1232 103.8975 113.1116 27.70757 19.48561
31 28 29 0.025794 11.11959 148.849 28.26328 69.8568 128.7163
1013 988 989 0.022210 101.4105 79.95594 61.38934 172.4109 17.55128
1779 1747 1748 0.018540 32.96967 23.31726 87.50955 86.93286 64.19864
641 625 626 0.009765 10.00797 80.64173 0.7078884 45.70323 121.272
1244 1216 1217 0.011969 17.358 22.11116 10.7236 51.61751 24.02684
1600 1569 1570 0.011478 58.19142 48.93904 48.38858 43.1879 99.93124
151 145 146 0.024411 52.97859 9.474861 15.72797 44.09663 141.2046
205 198 199 0.022167 14.03776 0.2293333 61.96187 10.18403 59.94717
584 570 571 0.015490 112.6942 0.2634287 38.30849 7.390479 82.0883
956 934 935 0.003779 80.89297 45.46647 81.29472 58.54626 10.85745
1135 1109 1110 0.013818 84.25814 65.16328 3.796077 5.542406 154.1098
944 924 925 0.015516 83.26965 93.39394 85.3629 49.89497 1.72453
32 29 30 0.012105 109.3275 28.77868 53.47492 82.10781 10.26138
1012 987 988 0.006850 58.88074 62.46836 13.62917 17.35081 58.09124
1780 1748 1749 0.009842 58.20099 42.175 52.27344 68.80164 36.37802
400 388 626 0.016399 0.9557211 10.66202 16.79227 59.63982 73.50034
1245 1217 1218 0.014956 110.4224 96.10838 18.22439 48.26224 128.8674
1601 1570 1571 0.014761 1.329778 8.086493 138.1912 67.41346 4.612479
152 146 147 0.015927 44.34481 17.25191 130.7286 15.60705 55.84295
204 197 198 0.021107 38.78669 33.60556 138.1781 154.6483 97.18591
585 571 572 0.032357 109.0938 14.36854 33.80561 130.6364 5.62585
957 935 936 0.010465 32.93188 44.95463 26.67741 40.12524 10.58537
1136 1110 1111 0.019280 9.382093 14.72451 6.060753 19.31248 19.18569
945 925 926 0.007198 38.24779 64.94303 11.80359 18.92937 2.619324
33 30 31 0.008134 100.3818 54.77547 63.69534 107.5406 22.093
1011 986 987 0.021254 22.18162 65.43951 0.7952237 56.265 21.45892
1781 1749 1750 0.013474 14.99378 38.06324 16.66474 165.6988 106.3923
398 388 389 0.011140 16.80311 56.0794 36.3632 119.0845 2.795995
399 388 541 0.015381 3.874025 12.50261 108.7142 58.37468 10.78012
1246 1218 1219 0.023646 59.67936 1.940333 63.95218 11.77448 34.75747
1602 1571 1572 0.013383 47.64941 96.36728 22.31251 54.70672 61.47655
153 147 148 0.014029 33.8138 1.560901 113.6768 16.71551 14.11663
203 196 197 0.033562 72.68872 12.19224 68.64623 160.1733 63.81804
586 572 573 0.029751 138.0399 6.985438 54.9844 0.5059512 87.07085
958 936 937 0.019942 0.1504597 0 51.34895 6.340402 67.19448
1137 1111 1112 0.027525 63.27505 2.997061 10.82708 156.2109 59.15214
946 926 927 0.011868 62.62901 61.32371 54.91161 93.22276 68.00793
1010 985 986 0.004223 77.02651 149.0159 55.95851 33.20655 42.33919
1782 1750 1751 0.008672 0.9961698 104.6482 133.263 21.27638 6.629395
401 389 390 0.028183 2.681442 5.561597 12.49746 10.17745 29.47521
553 540 541 0.014845 96.96783 16.00798 29.59778 26.81808 62.56666
1247 1219 1220 0.007707 0.9027372 21.82612 75.48756 58.38435 43.8291
1603 1572 1573 0.030419 37.23938 89.78004 8.38204 128.6486 76.67708
154 148 149 0.006673 57.58322 78.90078 21.03699 53.63079 163.3434
202 195 196 0.021448 136.4485 62.47081 64.36744 65.5287 34.33163
587 573 574 0.017380 28.44128 21.09447 23.69185 16.08018 22.11714
959 937 938 0.024994 11.93308 0.3748017 85.83351 16.97017 115.365
1138 1112 1113 0.011530 21.99691 132.3526 104.6772 81.73315 146.9087
947 927 928 0.021309 142.1416 41.91095 48.56411 22.98974 147.3139
1009 984 985 0.016431 14.58678 5.30511 131.0954 67.73103 38.36226
1783 1751 1752 0.014662 97.16129 42.66019 118.8765 12.9928 88.40649
402 390 391 0.008198 28.76102 20.95978 74.2308 87.44798 1.105836
552 539 540 0.017633 115.1201 11.38809 53.72012 112.0696 44.50895
1248 1220 1221 0.025845 7.316039 115.6183 9.991818 15.98124 62.88474
1604 1573 1574 0.015009 44.16378 73.65763 71.17969 157.6424 20.8102
155 149 150 0.008640 65.84491 7.76773 100.1062 20.84212 32.35425
201 194 195 0.030517 6.470086 0 93.68722 24.01773 21.88502
588 574 575 0.008320 5.255969 24.4902 58.07072 18.57693 134.7417
960 938 939 0.010602 0.4999327 87.3026 35.64497 66.45535 55.25902
1139 1113 1114 0.032643 6.264382 19.64053 7.749494 2.731979 115.4248
948 928 929 0.007191 136.0387 139.8324 88.98676 13.8748 81.10859
1008 983 984 0.007014 34.59852 162.9239 101.0831 19.50097 118.4647
1784 1752 1753 0.010579 1.729018 21.56712 1.713341 42.62427 46.41767
403 391 392 0.019362 39.65253 24.02694 24.59569 24.71649 31.86707
551 538 539 0.032556 33.15391 70.1286 72.33024 26.00831 104.1607
1249 1221 1222 0.010564 35.01143 183.1623 53.14759 4.656991 85.08543
1605 1574 1575 0.021041 6.304749 37.8898 79.58121 0.7205076 14.98844
156 150 151 0.003817 68.95612 37.28795 86.87599 9.432411 32.92549
199 193 194 0.003795 158.7336 41.47186 107.8887 41.66998 25.22155
589 575 576 0.011524 10.77491 52.18333 161.7788 33.64274 35.71174
954 933 939 0.015068 46.55423 9.415327 68.51442 97.4922 12.89518
1140 1114 1115 0.010637 133.7531 23.8294 15.98399 85.01627 30.72808
949 929 930 0.023280 86.43948 29.94515 12.45425 5.88109 18.80425
1005 982 983 0.009413 67.33259 35.37261 43.37443 160.0149 42.73928
1785 1753 1754 0.021274 58.3063 5.834574 43.88505 98.67505 88.59523
404 392 393 0.008923 43.01554 12.40111 129.7808 3.952608 111.0649
550 537 538 0.017221 9.944549 98.02431 59.25833 149.5789 0.07412442
1250 1222 1223 0.013590 8.990186 16.23041 101.3936 114.3226 156.8938
1606 1575 1576 0.024319 58.88361 7.381738 11.1447 17.82296 106.2875
157 151 152 0.015680 22.46863 16.22785 6.784072 37.97659 56.05694
198 192 193 0.019107 187.602 26.90547 137.2002 28.41978 40.17486
200 193 254 0.011882 91.97318 1.819121 32.03447 52.69003 44.2003
590 576 577 0.025232 7.490944 134.7089 78.60847 54.4348 46.89208
952 932 933 0.011984 22.02872 0.3448251 30.47198 93.02433 35.3804
955 933 965 0.022958 111.4088 94.29857 84.21553 102.0678 7.224105
1141 1115 1116 0.021807 13.9536 53.37449 64.23991 49.30051 31.01002
950 930 931 0.014900 53.79236 60.68202 14.54364 71.61853 89.75542
1006 982 1022 0.020736 47.84419 32.99805 146.0631 171.0124 66.84919
1007 982 1384 0.008017 13.30412 68.75107 39.09808 28.66262 8.901528
1786 1754 1755 0.017979 48.19287 11.71716 0.3142692 70.60484 16.08483
405 393 394 0.007665 13.43562 26.82148 121.5465 21.21013 63.60779
549 536 537 0.010234 21.79593 29.90368 76.09647 36.83376 30.188
1251 1223 1224 0.041316 136.724 59.34447 23.61791 2.459981 31.1543
1607 1576 1577 0.013881 25.6459 131.8441 96.27922 46.48024 22.1059
158 152 153 0.012033 112.5146 28.70015 178.0737 70.46627 5.784377
197 191 192 0.005405 17.073 3.984774 9.551143 95.99347 39.50148
261 254 255 0.025194 79.4155 5.199159 73.44719 146.5253 77.51287
591 577 578 0.000657 7.78126 73.73616 7.226376 82.36495 22.22211
951 931 932 0.024887 43.46764 74.01579 4.40759 48.26343 29.13462
953 932 962 0.033694 0.02451068 41.28157 14.64771 113.9679 25.44918
988 965 966 0.017647 38.9548 6.214373 21.68962 65.52367 4.822658
1142 1116 1117 0.040083 102.6906 17.29182 144.5972 20.67034 46.66176
1045 1021 1022 0.013049 34.22898 16.47807 70.00922 16.9834 99.3941
1410 1384 1385 0.010316 74.97749 120.1044 77.14651 0.2669384 147.8126
1787 1755 1756 0.020360 119.9239 94.6652 16.70537 135.6121 83.605
406 394 395 0.010284 27.94538 25.99285 24.162 22.20718 48.57952
548 535 536 0.005906 15.66608 3.766622 124.9137 16.15234 27.79375
1252 1224 1225 0.007209 13.95787 51.1836 37.92421 2.235141 28.56974
1608 1577 1578 0.023852 2.352949 7.205939 4.365841 17.20144 126.7707
159 153 154 0.009732 29.89584 133.484 0.6896387 10.08423 27.66113
196 190 191 0.007289 68.94421 6.294117 4.469764 61.66428 24.62654
262 255 256 0.015676 124.4688 21.00144 14.09703 2.719767 22.09343
592 578 579 0.012903 57.24545 10.88216 72.41157 44.60048 131.4992
984 962 963 0.016732 25.98254 14.24793 98.75337 14.35803 70.26391
989 966 967 0.025538 6.48023 14.33443 135.7971 0 5.668071
1143 1117 1118 0.023710 70.25436 169.0222 46.43978 15.55342 36.28859
987 964 1021 0.008795 158.07 68.47377 18.86771 0.205155 76.05531
1411 1385 1386 0.021670 28.20944 178.2592 9.118907 94.49103 67.94765
1788 1756 1757 0.012337 17.94918 109.5474 31.20319 42.0454 5.650153
407 395 396 0.025654 13.13495 98.6656 75.26656 4.467879 87.5507
547 534 535 0.008105 156.8265 47.66968 105.5648 20.88916 2.332221
1253 1225 1226 0.016352 15.65773 21.46121 0.8298171 102.0115 83.29362
1609 1578 1579 0.023369 2.561456 25.44281 31.28666 13.06428 49.92102
160 154 155 0.012624 99.74208 74.87473 120.5233 32.65587 97.78603
195 189 190 0.013136 56.63643 2.082477 9.530573 26.65005 103.6494
263 256 257 0.006107 149.7482 64.615 89.67202 110.6892 71.38045
593 579 580 0.013806 101.0809 40.74089 177.2247 68.15882 34.07656
985 963 964 0.021308 34.03322 2.195725 6.616655 31.54714 115.838
990 967 968 0.006738 76.20755 5.255395 65.24135 2.589924 108.829
1144 1118 1119 0.012760 31.22821 48.36237 83.06335 26.23186 50.43277
986 964 968 0.010950 64.94494 19.42266 61.86525 129.9927 38.31585
1412 1386 1387 0.004570 103.6135 21.52061 14.74079 3.820049 7.026889
1789 1757 1820 0.008895 13.92638 72.7972 14.82371 81.35206 166.7108
408 396 397 0.014434 48.19336 36.81868 12.36755 7.676507 69.58348
546 533 534 0.021761 37.00714 147.2993 7.834588 7.2558 24.89576
1254 1226 1227 0.016758 69.7588 63.08581 76.2436 53.76186 35.81069
1610 1579 1580 0.033075 3.906301 11.59328 132.7811 51.34427 121.436
161 155 156 0.019826 119.8289 9.766489 41.75182 60.39167 119.1525
194 188 189 0.053568 92.73672 57.65575 65.54785 53.677 58.25076
264 257 266 0.018942 15.86229 57.57278 49.18822 83.12749 107.8367
265 257 589 0.005020 1.399137 63.06677 0.4089927 11.65915 60.18259
594 580 581 0.028396 29.17083 49.97987 91.78542 19.38478 74.71725
1145 1119 1120 0.040008 43.0689 89.54018 29.89132 102.4994 95.72479
1413 1387 1388 0.008242 57.77237 57.88643 15.80005 1.039683 92.03471
1853 1820 1821 0.007417 17.83338 13.74001 170.5504 3.523394 19.86357
409 397 398 0.040278 97.39955 111.5539 11.9846 27.35158 4.396383
545 532 533 0.003006 26.05902 83.65141 6.06713 52.34064 49.72763
1255 1227 1228 0.032188 46.93258 35.68802 37.90859 110.5503 12.62838
1611 1580 1581 0.004955 30.46769 65.93913 48.75937 4.044312 76.5801
162 156 157 0.009746 14.3276 36.25237 119.4226 8.920605 32.16737
193 187 188 0.005617 19.86591 4.463632 78.86693 15.85387 38.11351
275 266 267 0.038320 47.02405 2.020829 105.6161 30.30245 192.8855
602 588 589 0.023415 8.670306 120.8624 37.07235 135.0894 5.981767
595 581 582 0.042887 56.98618 7.417036 0.3505309 3.976999 0.1507988
1146 1120 1121 0.016977 37.17393 6.131653 8.260136 53.56318 43.74479
1414 1388 1389 0.005467 122.5294 134.5195 17.54117 135.2408 125.8461
1854 1821 1822 0.015712 64.21519 57.51672 8.563478 42.2732 134.64
410 398 399 0.023045 104.8171 24.50915 108.3528 87.01649 9.137209
544 531 532 0.012502 20.05088 44.8367 52.71901 154.8074 53.69144
1256 1228 1229 0.015635 65.67239 29.30904 67.45331 9.588939 16.95391
1612 1581 1582 0.012735 116.9092 6.020881 106.6989 73.23783 94.23449
163 157 158 0.005498 11.99951 155.3451 5.670972 119.2432 39.60982
192 186 187 0.011301 9.528816 17.29929 105.5689 3.700361 7.085488
276 267 268 0.011671 125.4727 89.02824 17.67989 66.86936 40.27811
601 587 588 0.018870 2.855817 43.12122 24.73225 20.64182 116.6521
596 582 583 0.013456 10.99235 1.188271 52.26101 148.6678 31.72094
1147 1121 1122 0.011435 0.3227728 33.85823 2.448263 157.8198 149.7523
1415 1389 1390 0.013053 142.1225 64.03045 84.21143 20.12176 14.80388
1855 1822 1823 0.003087 190.358 37.85936 18.47409 52.09753 1.616323
411 399 400 0.029082 40.7797 70.00172 67.25258 4.256899 20.85736
543 530 531 0.013909 181.0419 5.473596 0.31683 119.255 32.31728
1257 1229 1230 0.020199 28.78615 54.17262 73.30902 72.45912 31.69078
1613 1582 1583 0.043651 14.0246 21.74498 55.3158 6.680296 26.19909
164 158 159 0.008622 82.13728 1.78694 65.59554 73.99278 16.61176
191 185 186 0.005606 30.90265 21.2031 110.3478 20.39935 46.57716
277 268 269 0.018128 17.4428 13.27317 3.101824 80.16375 17.7998
600 586 587 0.002065 5.35568 54.44847 6.143572 0 113.4843
597 583 584 0.017702 9.354992 8.929487 82.62527 88.96068 50.87495
1148 1122 1123 0.005194 137.0357 69.76723 155.9753 2.806492 32.49799
1416 1390 1391 0.022415 0.55068 84.10805 52.67907 92.59115 75.20923
1856 1823 1824 0.005095 64.36513 13.85366 30.40107 182.3115 128.7394
412 400 401 0.016242 30.95234 15.84675 72.59536 69.77359 70.78288
542 529 530 0.013446 85.68346 61.15274 157.4983 124.3208 56.68377
1258 1230 1231 0.011130 41.17769 122.4837 11.99203 0.05244931 57.80894
1614 1583 1584 0.008366 73.10706 29.73922 38.17167 105.659 53.23245
165 159 160 0.003241 55.74115 86.63413 18.14248 27.65035 143.7732
190 184 185 0.008762 131.5734 74.49419 90.36246 51.40208 55.66229
278 269 270 0.009470 21.40866 33.76403 22.3034 115.9718 17.51783
599 585 586 0.009418 141.8222 61.9244 62.56041 59.99906 26.04115
598 584 585 0.009308 68.96352 43.43369 58.77362 107.1703 64.02784
1149 1123 1124 0.016298 88.71635 46.6177 1.270043 94.31253 2.037685
1417 1391 1392 0.023354 21.68599 23.35186 139.598 3.620958 14.65225
1857 1824 1825 0.004961 42.94363 7.225054 22.20068 5.0276 71.18634
413 401 402 0.017217 80.23276 75.22563 12.77156 38.88189 116.2079
541 528 529 0.029040 1.453216 21.88668 104.9897 49.94816 143.7676
1259 1231 1232 0.012257 1.333844 95.97293 22.1394 63.41082 63.09346
1615 1584 1585 0.013617 8.606746 80.33264 107.4018 3.100347 126.2937
166 160 161 0.005861 91.85675 114.2242 23.33094 149.6694 9.906747
189 183 184 0.005509 16.17602 17.53385 36.89202 41.06707 12.08842
279 270 271 0.047658 84.65394 49.58053 10.41285 10.97247 33.8737
1150 1124 1125 0.016540 41.68351 22.97728 6.249237 53.30654 39.05914
1418 1392 1393 0.014941 78.44997 24.40096 28.68087 74.89341 51.97586
1858 1825 1886 0.001830 3.196727 13.7476 18.24174 24.75558 95.54541
414 402 403 0.000581 28.44847 8.80951 15.04271 45.7896 8.597013
540 527 528 0.031069 15.37362 15.00073 55.29935 127.4768 7.49425
1260 1232 1233 0.012771 88.99091 67.15947 0 152.7333 10.01285
1616 1585 1586 0.022212 58.68929 0.2006638 9.811431 1.098902 18.82008
167 161 162 0.004167 21.57663 89.93825 16.22005 14.7948 154.0813
188 182 183 0.028354 0.5152234 0.4213915 2.816164 67.07656 35.7784
280 271 272 0.012753 12.03398 106.0317 3.801947 134.0126 75.11355
1151 1125 1126 0.008254 48.64458 19.38747 127.915 39.37708 6.024225
1419 1393 1394 0.009740 9.365446 33.64528 85.22285 1.375363 61.52042
1920 1886 1887 0.033353 13.41413 66.11661 98.66207 29.47421 100.3004
415 403 404 0.014640 17.80577 0.9901497 48.06252 53.28872 134.3849
539 526 527 0.016195 0.3356333 25.79552 1.440723 45.21799 48.73533
1261 1233 1234 0.007307 109.6376 23.33212 123.3228 105.1821 59.28502
1617 1586 1587 0.015215 2.984209 77.06915 58.37756 136.5159 0.1232914
168 162 163 0.005927 33.42412 8.168408 35.16345 31.58582 94.41985
187 181 182 0.001065 28.63629 30.13348 138.6282 41.78096 145.1638
281 272 273 0.003198 6.814634 133.7894 168.0311 6.843283 9.372638
1152 1126 1127 0.015288 17.62878 9.471947 47.19471 1.205827 0.8670743
1420 1394 1395 0.002711 26.45259 76.19131 19.54785 20.7455 67.3262
1921 1887 2072 0.044244 12.635 33.35312 47.10507 55.92369 24.238
416 404 405 0.011022 106.2952 58.37974 60.09371 25.72442 0.6848989
538 525 526 0.012037 19.97087 13.70542 2.797262 12.72672 36.02247
1262 1234 1235 0.013803 5.56817 135.1527 38.756 16.62774 35.17228
1618 1587 1588 0.011689 28.04224 39.25704 2.838438 41.14687 86.79227
169 163 164 0.009411 43.25269 2.486841 122.6488 0.1600984 1.741904
186 180 181 0.011361 101.9725 48.95253 83.06091 26.56882 75.99969
282 273 274 0.012859 56.05434 17.76637 64.17584 131.718 152.5829
1153 1127 1128 0.008816 26.13996 95.3041 16.81717 13.27448 145.4668
1421 1395 1396 0.016855 141.2024 29.45958 40.77026 138.3221 85.86018
2112 2072 2073 0.022109 40.77443 10.14275 9.472124 23.72892 37.13014
417 405 406 0.017933 0.720451 56.84048 172.9151 16.42077 32.77703
537 524 525 0.007419 0.4895868 20.45803 67.62069 45.01121 0.08268331
1263 1235 1236 0.015667 0.2881085 4.026764 123.9453 13.80107 3.428189
1582 1552 1588 0.030574 40.79645 111.012 40.23295 78.92096 30.84902
170 164 165 0.002691 144.3629 93.51563 21.89639 38.07124 40.29214
185 179 180 0.005331 125.0201 3.180525 2.742967 52.36386 12.63625
283 274 275 0.018182 60.60457 19.72128 146.6934 23.70522 39.50485
1154 1128 1129 0.017062 39.88453 0.03360211 1.822899 42.21903 10.18903
1422 1396 1397 0.011900 47.41971 76.53502 0.1170876 36.84444 64.42872
2113 2073 2074 0.016105 96.53966 23.24009 114.3913 54.36846 10.35587
536 523 524 0.011658 97.10489 106.26 23.70533 146.7299 37.72378
1264 1236 1237 0.011130 18.94705 47.67573 34.59038 55.9802 41.07112
1581 1552 1553 0.017535 34.22366 129.479 26.28141 60.81833 3.675187
1583 1552 1661 0.074978 41.73487 89.65118 30.76805 6.041644 144.1989
1584 1552 1897 0.047173 91.85015 4.069205 69.6522 5.50166 183.349
171 165 166 0.003569 25.15483 2.651047 15.18887 106.3528 72.23145
184 178 179 0.011060 3.345725 27.15652 44.19241 3.210001 38.81482
284 275 276 0.018421 105.1664 1.9552 10.62665 14.48604 0
1155 1129 1130 0.018218 32.80854 9.237508 18.17242 32.15755 15.34305
1423 1397 1398 0.021118 1.856416 68.60972 14.83082 148.6221 2.408444
2114 2074 2075 0.022364 0.6460902 32.9945 112.2377 104.5195 65.16399
491 480 523 0.010848 34.31952 117.1165 27.48748 88.89942 33.7134
1265 1237 1238 0.014123 124.3875 48.23956 48.37085 110.749 26.75325
1585 1553 1554 0.029242 96.56211 111.7339 8.521098 86.59988 56.39296
1692 1661 1664 0.014885 34.83401 86.82359 161.2467 21.64731 4.093781
1931 1897 1898 0.030764 2.173263 17.33782 31.12828 11.558 4.608435
172 166 167 0.010080 3.20051 3.782444 30.81617 17.04816 30.79239
183 177 178 0.008682 82.98909 21.43543 155.1953 86.04241 6.650749
285 276 277 0.020083 18.36545 3.220885 1.764551 52.13906 11.56867
1156 1130 1131 0.032669 6.900947 66.90799 21.16067 0.7579035 36.09624
1424 1398 1399 0.054670 126.4693 0.1181561 40.12935 148.4017 50.0623
2115 2075 2076 0.011691 30.8492 115.343 48.62881 32.67696 122.8308
490 479 480 0.058453 36.03534 21.45241 146.3864 52.94681 30.44359
492 480 902 0.083503 0.6561691 131.0299 149.7068 133.4685 29.79259
1266 1238 1239 0.026116 73.83228 24.69126 85.08765 99.34449 100.7082
1586 1554 1555 0.015646 0 51.11581 15.89553 13.36934 78.12872
1695 1664 1667 0.005636 13.17683 14.50115 8.553988 14.38235 46.4603
1932 1898 1899 0.025320 41.60283 162.4459 31.56764 0.2560272 17.63665
173 167 168 0.008650 18.92252 92.19805 93.92559 12.23265 2.195076
182 176 177 0.011943 11.57348 52.97633 6.753246 20.56878 15.95222
286 277 278 0.007935 119.7911 5.507094 106.7422 18.28684 13.44843
1157 1131 1132 0.019987 113.6508 37.23494 8.161074 46.56446 106.475
1425 1399 1400 0.007127 86.69569 58.72992 38.35476 46.12394 23.7277
2116 2076 2077 0.008015 118.7512 45.8214 176.6136 112.0564 31.14501
489 478 479 0.010643 6.079893 118.4127 160.3089 104.7094 53.82892
923 902 903 0.025823 124.2791 34.23257 10.16375 71.72969 39.39124
1267 1239 1240 0.010990 0.5392979 42.79084 9.664441 12.32411 7.9573
1587 1555 1556 0.017409 3.423121 31.55187 94.8281 25.5913 0
1699 1666 1667 0.006177 51.65566 10.51326 115.0768 65.08301 14.81287
1933 1899 1900 0.036096 10.37757 6.634784 71.91675 22.63671 39.3358
174 168 169 0.005308 74.41143 22.83243 122.4405 148.5113 29.42941
181 175 176 0.007056 92.52893 6.669015 148.081 30.58668 144.7876
287 278 279 0.015029 10.91182 24.59437 68.93549 107.8808 4.448602
1158 1132 1133 0.001378 105.6944 8.097651 31.37793 81.39022 12.53025
1426 1400 1401 0.013600 166.0133 3.010258 65.64114 167.6836 16.31125
2117 2077 2078 0.007040 77.79519 41.3451 134.7617 103.2295 29.1568
468 457 478 0.003990 25.53401 58.67714 22.84722 36.94676 118.3024
924 903 904 0.029456 119.5554 38.46259 54.58455 18.4908 149.6031
1268 1240 1241 0.021042 20.57501 35.46676 10.04635 52.28661 61.39418
1588 1556 1557 0.025361 114.4862 42.02723 15.57776 7.593157 80.70688
1696 1665 1666 0.018982 65.08523 54.28835 85.9076 5.527226 17.13669
1934 1900 1901 0.016683 5.338988 41.94091 11.35892 2.027027 53.97165
175 169 170 0.006186 89.80795 23.61304 63.82118 79.00431 0.334745
180 174 175 0.015264 19.92159 45.99697 0.4895462 7.775996 53.55687
288 279 280 0.010414 47.55742 96.03589 57.53534 2.970496 35.70274
1159 1133 1134 0.039005 74.00936 15.41493 82.12285 156.3433 0.6491378
1427 1401 1402 0.009339 4.307178 56.71923 12.85172 43.34209 152.5425
2110 2071 2078 0.005012 87.62823 4.60458 22.06582 27.53354 59.57315
466 456 457 0.004799 12.32317 157.9578 3.512034 12.7393 17.96864
467 457 468 0.026642 64.28681 46.04242 24.19362 27.2406 17.71862
925 904 905 0.018089 38.69966 113.8031 7.814824 1.422704 0.446003
1269 1241 1242 0.019928 70.65801 25.52452 11.423 63.32049 69.49793
1589 1557 1558 0.018006 26.17056 22.69272 122.9516 28.9004 57.19658
1697 1665 2068 0.028582 158.3343 108.6528 83.09863 7.093857 28.1529
1698 1665 2260 0.014443 35.29048 14.93421 21.09737 172.5539 17.77809
1935 1901 1902 0.020139 57.22195 35.52558 116.8993 132.5729 121.6158
176 170 171 0.007376 27.43076 19.40532 189.6115 50.80548 0.5706331
179 173 174 0.010848 31.53825 13.14489 18.55262 40.84452 3.425519
289 280 281 0.020870 41.68177 147.184 29.36017 79.73183 21.46695
1160 1134 1135 0.021483 1.000591 7.809512 50.98419 14.08145 48.76675
1428 1402 1403 0.001511 6.885568 10.83114 83.86687 40.86739 20.16093
2108 2070 2071 0.005192 25.2827 87.75804 13.10719 120.0394 31.51838
2111 2071 2086 0.026425 83.72039 46.83878 8.73765 110.299 120.8047
465 455 456 0.022788 2.294406 15.73526 52.3498 42.45093 138.1792
478 467 468 0.010291 63.15804 39.69317 15.97825 11.02153 40.58139
926 905 906 0.136803 6.184971 102.1487 71.45901 25.32685 23.12693
1270 1242 1243 0.016739 169.9767 159.3456 53.99564 5.634125 55.45639
1590 1558 1559 0.007618 173.4544 50.82396 167.4343 11.06888 2.482184
2106 2067 2068 0.006901 112.0131 1.652461 0.3936464 12.85134 63.71988
2307 2259 2260 0.007879 56.22747 54.53038 2.128935 5.310144 11.07024
1936 1902 1903 0.042483 56.81482 60.20483 34.82664 146.1082 3.318369
177 171 172 0.006380 67.1577 55.46938 1.398897 13.86637 22.08883
178 172 173 0.016223 21.93382 49.35964 7.692642 16.0686 0
290 281 282 0.008274 96.19337 2.802446 9.392724 12.0719 40.83308
1161 1135 1152 0.013062 87.62823 142.2133 22.9802 48.34327 7.110122
1162 1135 1356 0.009422 38.24166 38.35577 39.83285 107.8426 11.81505
1429 1403 1404 0.009644 64.70356 68.49916 0.9893072 97.70155 91.65667
2107 2069 2070 0.037902 50.85368 56.46692 68.47047 14.6733 36.86671
2109 2070 2079 0.006319 33.44496 33.7733 9.143164 17.60149 63.2111
2128 2086 2088 0.003000 21.60673 20.33468 91.937 15.02926 3.584951
464 454 455 0.019619 153.9658 29.38585 26.00435 0.2065374 54.26538
477 466 467 0.053143 43.96867 27.90054 92.41857 9.150827 66.28671
927 906 907 0.007356 7.654037 9.165857 36.31103 6.778945 0.4090101
1271 1243 1244 0.025895 31.68432 3.625575 10.05129 73.06757 0.5049328
1591 1559 1560 0.018589 36.61573 28.72061 32.6801 19.61668 76.59025
2105 2066 2067 0.013689 66.52272 1.206714 6.724739 93.42677 75.18092
2306 2258 2259 0.031920 16.05212 84.53882 11.37183 2.539126 15.28955
1937 1903 1904 0.023465 23.09132 85.03161 25.29831 61.76366 1.623242
291 282 283 0.014317 85.38617 88.15834 29.40053 14.58806 61.80529
1178 1151 1152 0.009172 40.05649 22.79295 13.01794 17.56465 5.5769
1383 1356 1357 0.011099 50.86342 35.01733 28.03457 119.1284 0.7496483
1430 1404 1405 0.018048 2.459043 19.90123 3.734568 13.3639 117.0597
2059 2021 2069 0.009465 44.00012 10.02578 60.29315 77.45622 71.24157
2118 2079 2080 0.029903 26.04202 0.4711658 48.91656 2.796507 13.96665
2119 2079 2085 0.018123 58.43144 10.35234 12.40946 83.32933 0
2129 2087 2088 0.003441 119.9768 36.86082 52.74265 20.12725 55.94026
2130 2088 2089 0.002343 75.54165 24.81509 4.744209 52.69849 2.550898
463 453 454 0.018902 94.4205 27.91692 11.62081 66.98454 6.493558
476 465 466 0.015425 38.4586 5.491908 63.63563 60.76183 17.19495
928 907 908 0.024474 29.04174 2.694064 2.541747 10.72573 52.55012
1272 1244 1245 0.013456 91.48576 2.645541 17.14651 24.84235 161.072
1592 1560 1561 0.002879 87.3624 106.2245 28.15442 10.84097 69.88914
2104 2065 2066 0.007194 64.56158 67.54854 11.26475 0.6641074 78.36493
2305 2257 2258 0.039040 151.3033 16.57506 38.16083 34.54542 27.66136
1938 1904 1905 0.023824 10.9545 100.8673 30.48422 71.76511 78.84744
292 283 284 0.004917 31.39492 107.2648 38.42388 27.65682 0.9437987
1177 1150 1151 0.033881 44.33982 22.37285 24.46449 118.077 0.08167706
1384 1357 1358 0.037771 148.277 36.28656 164.7396 80.89346 1.218225
1431 1405 1406 0.016515 129.4029 43.32967 48.55323 82.74445 72.76176
2058 2021 2022 0.049062 3.527913 118.4922 25.14029 16.33731 12.07541
2060 2021 2080 0.017011 44.24193 10.79622 50.84343 17.38298 37.78453
2125 2085 2087 0.018414 99.64764 41.70529 20.43368 0.2360812 15.21875
2126 2085 2110 0.019494 87.60507 67.57401 58.25331 60.71236 13.05826
2127 2085 2112 0.067614 150.5851 28.02772 0.2654414 1.598739 41.78204
2131 2089 2090 0.008260 12.87891 124.2781 53.33403 44.2335 3.504257
2132 2089 2107 0.007952 3.970985 7.425518 24.39274 10.64501 102.2478
462 452 453 0.006556 24.80951 65.44497 1.714069 9.944507 2.13875
475 464 465 0.015765 18.194 113.6461 43.3581 25.1904 41.16771
929 908 909 0.015157 63.38609 149.4949 32.98201 4.603372 103.7352
1273 1245 1246 0.022205 1.39201 3.031044 16.16191 15.86593 44.85417
1593 1561 1562 0.013447 54.23746 7.745084 133.6702 0.1771809 76.2111
2103 2064 2065 0.004681 38.63477 110.7963 21.34079 154.6796 25.11082
2304 2256 2257 0.011711 34.72404 16.51283 5.064795 58.64393 48.69908
1939 1905 1906 0.010967 2.024736 53.01681 57.1672 85.47976 8.34833
293 284 285 0.001544 24.83682 66.0414 4.276536 16.21849 23.91347
1176 1149 1150 0.008265 8.093232 32.64269 29.11198 152.4319 29.70661
1385 1358 1359 0.039490 12.94396 36.29977 44.24409 2.653811 39.00485
1432 1406 1407 0.018266 24.83052 90.31951 147.2521 4.55659 53.17371
2061 2022 2023 0.028816 19.00133 40.98998 18.84771 45.51722 80.69579
2154 2109 2110 0.009484 9.167354 65.23181 47.71465 57.52897 28.39635
2155 2110 2486 0.014899 130.7718 26.43504 7.314791 67.93067 39.26547
2157 2112 2317 0.008410 77.72626 17.40195 149.6203 11.63249 57.84171
2133 2090 2091 0.007213 84.42525 20.30192 21.23445 89.91154 64.23333
2134 2090 2106 0.008687 24.41463 42.09145 65.86427 5.526393 53.92391
2135 2090 2107 0.006460 2.893381 3.130885 50.47366 19.08438 32.506
2151 2107 2109 0.016463 0 37.36346 183.4167 34.57632 0.1644425
2152 2107 2111 0.007664 11.92089 0.156398 196.9521 53.62392 45.11027
461 451 452 0.004722 78.64417 64.9884 18.32747 38.71026 60.6516
474 463 464 0.013136 102.7741 45.01886 144.3462 62.5402 108.1066
930 909 910 0.058817 78.53679 11.1215 24.21935 11.82182 63.3806
1274 1246 1247 0.028603 5.070143 68.52021 74.89372 40.05519 0.1626123
1594 1562 1563 0.021173 4.876529 1.966284 41.20034 12.40652 109.3697
2102 2063 2064 0.026325 46.74936 69.27155 43.67928 63.31841 6.215129
2303 2255 2256 0.013473 23.89795 26.58283 6.485672 30.91027 77.78869
1940 1906 1907 0.017938 18.06207 15.64025 22.83258 139.842 71.4855
294 285 286 0.017320 22.18574 130.83 120.6301 23.25202 1.024021
1175 1148 1149 0.006996 5.624842 76.55361 19.29216 13.53116 29.60218
1386 1359 1360 0.022296 5.335044 32.36256 0.8615246 14.74802 1.911487
1433 1407 1408 0.011342 38.6688 5.42369 4.06683 144.2026 93.29033
2062 2023 2024 0.015530 90.36903 23.14971 31.09746 114.0469 114.6587
2538 2485 2486 0.018271 66.24337 6.623717 36.3593 110.0478 106.4914
2367 2317 2318 0.012292 74.74585 15.64672 17.42102 4.062297 17.35787
2136 2091 2105 0.011732 63.15411 43.52986 7.472793 1.710768 50.78163
2150 2106 2354 0.029264 146.6896 40.93553 13.95681 97.71638 22.25446
2156 2111 2487 0.015159 52.44925 14.95626 2.492907 13.3493 106.3569
460 450 451 0.030937 4.537694 164.1819 15.34486 171.7128 1.208047
473 462 463 0.015642 27.84017 0.7915509 16.15209 65.98705 23.35563
931 910 911 0.020685 10.12897 12.55416 78.25066 84.25054 82.75337
1275 1247 1248 0.018860 84.58768 105.2062 18.42191 104.9511 145.7138
1595 1563 1564 0.029844 54.40089 15.91967 41.45304 56.69968 8.032722
2101 2062 2063 0.022595 18.40738 157.6766 100.5109 31.1851 8.249416
2302 2254 2255 0.002099 22.28433 50.15884 87.85099 21.26281 17.04696
1941 1907 1908 0.007404 100.6376 51.33014 172.4431 70.76713 93.71842
295 286 287 0.008254 38.65444 2.039851 35.52855 20.73495 118.6304
1174 1147 1148 0.009832 12.69911 5.410521 89.65751 3.231335 0
1387 1360 1361 0.016041 23.93227 35.35566 63.45025 109.4943 123.2149
2063 2024 2025 0.029830 0 19.26973 48.04291 16.76582 29.67125
2537 2484 2485 0.005935 16.89008 44.24137 14.51252 14.84608 157.9948
2368 2318 2319 0.018011 48.27763 13.14326 113.5898 25.44951 58.11332
2149 2104 2105 0.023108 1.684126 71.84958 49.77468 102.831 12.97991
2403 2353 2354 0.003082 56.28297 3.286027 29.50191 0.5436398 46.90628
2539 2487 2488 0.016090 125.8459 10.20777 49.65829 104.9496 62.18313
459 449 450 0.009666 7.352268 56.02798 28.00136 88.82483 89.08865
472 461 462 0.100333 2.253361 50.42033 61.95586 72.40311 50.01919
932 911 912 0.017748 52.29377 115.6521 77.50266 38.79098 96.14075
1276 1248 1249 0.013106 58.74361 28.91002 21.26205 15.64805 109.9022
1596 1564 1565 0.010068 0.4953537 4.82561 107.269 43.78175 50.06256
2100 2061 2062 0.028801 4.928865 9.215706 41.30662 12.6232 154.2101
2301 2253 2254 0.005310 141.3692 0.2023518 7.841152 135.7744 128.3154
1942 1908 1909 0.012106 8.421306 13.67375 4.17828 144.0994 41.84389
296 287 288 0.019493 91.98758 41.90907 105.3235 19.67808 18.51219
1173 1146 1147 0.002351 72.49474 43.85365 73.2563 36.68922 0.3920616
1388 1361 1362 0.006875 7.003583 37.79414 77.02367 148.7156 3.087979
2064 2025 2026 0.009366 6.344954 23.82308 151.1942 24.68393 154.2083
2536 2483 2484 0.015460 36.32687 12.52641 46.98534 44.07006 0.7319177
2369 2319 2320 0.010127 4.406054 27.40288 5.920825 158.9421 74.02141
2148 2103 2104 0.023042 1.104491 169.4161 37.72912 76.75889 43.61056
2402 2352 2353 0.008955 55.5631 33.38491 33.58362 88.46841 2.523548
2540 2488 2489 0.032086 24.059 27.16718 55.05275 38.46581 37.85449
458 448 449 0.024371 36.53269 87.05011 46.30548 78.75416 90.62708
471 460 461 0.031834 13.15243 26.00851 189.9562 5.017659 71.13646
911 890 912 0.006557 69.14919 1.507703 91.36243 35.34204 44.71898
1277 1249 1250 0.000556 57.58072 11.08846 68.3119 17.89135 43.0733
1597 1565 1566 0.029140 21.68583 7.653831 87.94577 42.79913 62.59341
2099 2060 2061 0.006310 76.74529 36.38887 15.96798 36.96413 16.696
2300 2252 2253 0.010763 21.82263 120.3239 54.84711 23.20489 60.46341
1943 1909 1910 0.019302 40.07727 18.98046 7.302109 3.724519 93.07662
297 288 289 0.006710 6.931201 17.92256 42.94245 96.45549 7.162252
1172 1145 1146 0.014781 137.9996 43.71374 114.7802 23.70985 29.72749
1389 1362 1363 0.005058 101.9955 22.55492 85.93636 8.268287 41.22348
2065 2026 2027 0.007603 33.85926 1.548238 1.30816 0.6743907 8.686412
2535 2482 2483 0.044376 7.372188 78.69697 161.036 26.13879 5.400256
2370 2320 2321 0.013376 21.76934 4.161067 26.00507 19.01403 49.8633
2147 2102 2103 0.023869 17.30125 103.5456 32.61542 75.32155 22.21044
2401 2351 2352 0.017647 1.182424 83.19894 3.40854 37.50608 110.2061
2541 2489 2490 0.012912 112.5186 9.755601 92.30923 121.6677 33.47363
457 447 448 0.010383 80.0084 86.6856 88.16925 4.449143 16.34459
470 459 460 0.053903 18.29097 91.15038 68.71278 30.18782 41.88788
910 890 891 0.024721 84.29396 47.08796 66.58937 26.42324 103.4073
912 890 1213 0.016236 7.63005 39.42656 69.32851 1.872724 36.75179
1278 1250 1251 0.012950 10.24196 70.82568 25.00965 2.810446 0.8285062
1436 1409 1566 0.029287 41.00903 117.8526 39.12989 41.04156 2.139514
2098 2059 2060 0.020882 7.02055 96.66353 148.519 65.01423 96.80724
2299 2251 2252 0.010503 26.35275 32.20137 130.5236 80.23008 5.915236
1944 1910 1911 0.013367 60.76207 42.70184 67.52306 143.8206 67.70988
298 289 290 0.009470 14.28164 0.9631777 27.54845 62.34293 152.2077
1171 1144 1145 0.004864 10.64369 73.33582 29.75783 24.55038 24.65287
1390 1363 1364 0.004762 13.13835 21.83248 48.59949 21.36943 25.11126
2066 2027 2028 0.017173 78.70874 47.44996 38.824 1.496445 6.078088
2534 2481 2482 0.064754 59.09513 57.10339 125.5345 0.8546014 28.80475
2371 2321 2322 0.011235 0 96.368 19.12392 146.6517 19.16941
2146 2101 2102 0.022175 0.4389753 117.2729 48.15011 28.75794 4.106194
2400 2350 2351 0.008939 1.544152 56.94134 60.64724 22.36338 14.99073
2542 2490 2491 0.027108 76.85033 41.26951 77.28726 17.76248 6.051699
456 446 447 0.009295 100.0356 2.806552 2.673876 10.57301 13.14959
469 458 459 0.055858 158.0233 1.048643 49.5238 3.397091 6.789504
913 891 892 0.015260 91.17287 94.40501 6.543526 0.549685 109.4166
1241 1212 1213 0.035251 57.70117 48.88253 4.386723 3.742917 38.50667
1279 1251 1252 0.013375 117.5789 59.30586 125.0539 11.35283 143.6112
1434 1409 1410 0.029104 81.90272 71.681 68.93753 29.9688 15.09511
1435 1409 1525 0.038766 0.2670386 65.1179 100.7191 79.33932 9.606232
2097 2058 2059 0.012285 83.86538 6.915114 18.80187 174.0603 29.40765
2298 2250 2251 0.006856 28.91628 21.43797 51.68564 142.0738 12.89042
1945 1911 1912 0.013093 13.33584 65.31242 169.9225 56.78697 24.67622
299 290 291 0.013574 42.95187 5.280159 116.7787 47.04194 9.921853
1170 1143 1144 0.019428 37.57292 1.524711 42.6457 73.75081 6.585109
1391 1364 1365 0.014059 1.740552 28.34455 4.261428 113.8016 56.73052
2067 2028 2029 0.026851 30.12491 74.88049 77.01917 24.46642 36.39925
2530 2480 2481 0.010473 26.86828 50.07292 66.67991 6.661579 83.74249
2372 2322 2323 0.037993 80.96961 46.87996 39.82849 90.73359 32.84877
2145 2100 2101 0.011196 99.00111 16.79241 0.6996126 169.5 13.23043
2399 2349 2350 0.010028 33.72272 3.698525 19.58894 29.15541 26.04215
2543 2491 2492 0.032472 56.07824 39.67251 108.3263 4.74338 23.6609
455 445 446 0.018477 142.8485 59.68986 114.3543 88.74372 8.148424
914 892 893 0.032066 80.02769 24.186 107.9622 24.82807 101.6767
1240 1211 1212 0.000772 115.4312 25.68245 12.35801 140.4629 134.1292
1280 1252 1253 0.016314 28.7377 59.58097 13.8384 2.56506 87.23746
1437 1410 1411 0.020349 126.0116 149.3932 107.9875 4.631599 93.12167
1552 1525 1526 0.004652 87.00466 75.52806 7.058176 96.76479 43.88214
2096 2057 2058 0.007577 102.9811 13.09206 0.1998154 21.41614 53.98985
2297 2249 2250 0.004824 72.87139 52.63683 163.8105 0 24.93381
1946 1912 1979 0.019084 0.2169091 40.74351 80.38021 75.6404 31.45697
1947 1912 2163 0.006674 174.787 10.44092 55.86846 56.56575 111.079
300 291 292 0.004069 122.7098 115.4432 9.280309 2.883839 5.006612
1169 1142 1143 0.006057 13.67886 82.89257 66.66166 29.04651 9.191125
1392 1365 1366 0.007987 95.19806 113.069 45.4838 16.38571 113.1233
2068 2029 2030 0.014470 30.72097 138.9024 26.04725 15.47298 17.26679
2531 2480 2493 0.026272 102.747 8.398889 127.1118 109.4289 141.0139
2532 2480 2529 0.022756 33.63462 88.90636 43.01384 28.78352 123.714
2533 2480 2536 0.030567 31.17521 56.94519 3.024627 14.99138 14.44726
2373 2323 2324 0.010767 66.9558 28.96566 99.2407 55.1601 81.51999
2144 2099 2100 0.001533 4.347874 73.1403 1.373887 9.759634 55.78815
2398 2348 2349 0.008205 34.1927 94.88087 17.24751 85.15779 117.7896
2544 2492 2493 0.038704 40.59747 7.413035 23.29832 60.3723 10.04725
454 444 445 0.015752 16.87215 66.92458 67.43178 24.5637 8.140149
915 893 894 0.062600 43.61594 1.763818 84.21626 29.58577 51.85991
1239 1210 1211 0.011334 16.07109 75.62336 6.758772 128.8183 8.287814
1281 1253 1254 0.018047 78.82227 71.59914 167.9972 168.4665 115.4916
1438 1411 1412 0.004117 62.54202 123.7608 69.41201 0.4465195 56.70639
1553 1526 1527 0.009460 18.60945 85.67354 0.4972018 38.57435 13.35634
2095 2056 2057 0.017221 26.24275 37.5478 4.68691 5.743634 67.80999
2296 2248 2249 0.020537 41.44209 16.85839 32.15596 16.4267 30.79243
2017 1979 1980 0.005167 6.211597 0.3706092 2.911002 29.83104 29.81594
2208 2163 2164 0.014997 0.2188436 4.593215 5.847723 1.26668 8.019064
301 292 293 0.011002 40.8516 22.65463 22.84584 25.67871 90.73837
1168 1141 1142 0.022256 72.22699 12.72524 12.95643 16.26388 67.22329
1393 1366 1367 0.011611 26.04201 13.33795 86.89444 127.5126 14.50148
2069 2030 2031 0.021635 67.26846 3.257815 99.49731 38.63602 48.3708
2587 2535 2536 0.003727 28.63794 102.417 122.0764 0.2411281 91.81364
2374 2324 2325 0.015038 27.83231 0.5591506 7.209908 59.77779 151.0073
2143 2098 2099 0.018797 9.580796 35.60326 0.7182584 4.299306 31.54738
2397 2347 2348 0.013835 112.5897 123.2044 113.539 34.16709 64.67917
453 443 444 0.015365 37.48474 3.974135 74.46642 3.805693 0.3139621
916 894 895 0.025465 3.17408 88.94749 102.6399 53.56277 88.08218
1238 1209 1210 0.022885 0.7420869 36.94075 2.714746 1.416467 40.55199
1282 1254 1255 0.040832 53.45461 1.897789 27.49961 70.10816 171.3002
1439 1412 1413 0.009564 0.4593894 56.92836 10.54309 129.8721 19.31954
1554 1527 1528 0.016963 24.82166 24.97955 110.607 128.2918 38.0334
2094 2055 2056 0.025347 91.7685 29.25924 47.00543 70.62679 115.2056
2295 2247 2248 0.012765 6.044907 9.709322 67.81402 25.50277 113.6234
2018 1980 1981 0.002974 30.91932 2.923143 88.38071 131.9516 114.7688
2209 2164 2165 0.025660 82.68546 5.861435 53.26211 46.32928 49.01505
302 293 294 0.008329 111.9882 6.25004 85.00372 62.36966 23.1303
1167 1140 1141 0.025431 0 35.69171 138.8622 46.09773 126.1843
1394 1367 1368 0.009304 4.718352 2.950208 101.5227 17.13816 56.54749
2070 2031 2032 0.012629 36.72542 23.86044 128.7176 97.19796 41.19206
2588 2535 2546 0.028779 110.1104 32.56049 9.916259 13.20762 7.732246
2589 2535 3027 0.009302 24.77011 123.7487 95.9323 57.68156 84.62685
2375 2325 2326 0.011502 2.108232 2.072804 0.6515703 102.1173 0.9393833
2142 2097 2098 0.021136 42.99837 7.633468 52.21656 8.771885 59.76644
2396 2346 2347 0.006344 36.7199 59.81337 74.71347 8.938324 1.226367
452 442 443 0.011499 19.7339 17.75978 125.6797 97.26587 31.2355
917 895 896 0.000810 20.60495 15.54203 139.2687 89.94559 100.958
1237 1208 1209 0.018617 23.69065 98.92348 60.09659 116.6569 25.00182
1283 1255 1256 0.009485 63.39406 26.68618 176.5815 18.26851 7.720806
1440 1413 1414 0.020708 47.61176 18.10008 67.21152 9.958517 41.63294
1555 1528 1688 0.016989 17.5834 19.35472 32.84347 23.33227 66.41772
1556 1528 1978 0.023034 114.1777 146.8974 70.84052 46.80669 28.19854
2093 2054 2055 0.009281 18.46057 102.8526 13.82609 147.9121 41.58392
2294 2246 2247 0.033753 59.51377 75.89579 42.33403 0.4421374 21.00022
2019 1981 1982 0.018623 46.48577 50.45081 8.882166 8.171601 71.85335
2210 2165 2166 0.026760 169.9572 25.37433 45.26999 28.36476 82.56714
303 294 295 0.008901 15.41055 6.786316 10.40165 38.84248 6.313769
1166 1139 1140 0.011502 21.93226 33.01839 47.58355 128.6814 45.92378
