1 -121.9022 41.97477
0 -121.9042 41.97456
2 -121.8968 41.98808
6 -121.9101 41.97394
3 -121.8896 41.99803
5 -121.9151 41.97031
4 -121.8867 42.00874
7 -121.9162 41.96948
8 -121.9032 41.96846
265 -121.9188 41.96759
298 -121.8979 41.96762
264 -121.947 41.92182
299 -121.869 41.95266
263 -121.9632 41.90038
300 -121.8332 41.93938
262 -121.9708 41.89023
301 -121.806 41.92294
261 -121.9967 41.85028
302 -121.7976 41.92149
260 -122.0067 41.83033
303 -121.7758 41.92544
259 -122.0359 41.7916
304 -121.7725 41.92352
258 -122.0398 41.78875
305 -121.7767 41.91058
297 -122.0432 41.78598
336 -122.0324 41.78603
306 -121.7797 41.90142
434 -122.0863 41.78509
700 -122.0593 41.76688
335 -121.9768 41.78473
307 -121.7778 41.88615
433 -122.0927 41.78387
699 -122.0585 41.75661
334 -121.9635 41.77617
308 -121.7688 41.8728
432 -122.0982 41.77995
698 -122.0379 41.70874
333 -121.9566 41.77397
309 -121.7544 41.86106
431 -122.0986 41.77098
697 -122.0385 41.70115
332 -121.938 41.77597
310 -121.734 41.81681
430 -122.1038 41.77051
696 -122.0421 41.69686
331 -121.9214 41.7678
311 -121.7325 41.81023
429 -122.1122 41.77538
695 -122.0829 41.68003
330 -121.9157 41.76751
312 -121.7344 41.80258
428 -122.1169 41.75911
694 -122.1307 41.65437
329 -121.9119 41.76732
313 -121.7402 41.79478
427 -122.1214 41.75454
693 -122.1479 41.65537
328 -121.8891 41.77042
314 -121.7455 41.78765
426 -122.1373 41.75131
692 -122.1755 41.65169
327 -121.8493 41.77154
315 -121.7506 41.77394
425 -122.1525 41.74823
691 -122.1776 41.65142
326 -121.8032 41.77729
325 -121.7638 41.7795
627 -121.7518 41.77087
424 -122.1617 41.74894
690 -122.1841 41.64904
628 -121.761 41.76381
423 -122.1726 41.75437
689 -122.1921 41.64247
629 -121.7712 41.76038
422 -122.1839 41.75749
688 -122.1966 41.61336
630 -121.7844 41.74581
421 -122.2129 41.7593
687 -122.189 41.58942
631 -121.8094 41.72819
420 -122.2531 41.75528
686 -122.1923 41.58056
632 -121.8354 41.71991
419 -122.2841 41.75994
685 -122.1989 41.57267
633 -121.8628 41.70285
418 -122.2973 41.76021
684 -122.2192 41.5561
634 -121.8769 41.69579
417 -122.3006 41.75917
683 -122.2278 41.54604
635 -121.8777 41.69572
416 -122.3295 41.7499
682 -122.2319 41.54596
636 -121.9 41.69359
415 -122.3606 41.73346
719 -122.234 41.54734
889 -122.2358 41.54359
637 -121.9062 41.69033
414 -122.374 41.72889
718 -122.2344 41.55168
888 -122.2613 41.54486
638 -121.9136 41.68312
413 -122.4578 41.73034
717 -122.2389 41.55632
887 -122.2701 41.53675
639 -121.9185 41.67303
412 -122.5161 41.73131
716 -122.2535 41.57115
886 -122.2729 41.5342
640 -121.9213 41.65846
411 -122.5265 41.72458
715 -122.2844 41.5921
885 -122.2969 41.52935
641 -121.9168 41.61489
410 -122.5344 41.72624
714 -122.3013 41.6002
884 -122.3053 41.52389
642 -121.9037 41.59601
409 -122.5673 41.72821
713 -122.3346 41.60635
883 -122.3437 41.48507
592 -121.9005 41.59432
408 -122.5957 41.73637
712 -122.3482 41.61209
882 -122.3547 41.46067
593 -121.8906 41.60073
1083 -121.9084 41.57494
407 -122.6123 41.73688
711 -122.37 41.62918
881 -122.3629 41.45407
594 -121.8773 41.60295
1084 -121.9097 41.56067
354 -122.6179 41.74097
710 -122.3713 41.6302
880 -122.3788 41.45097
595 -121.8752 41.60694
1085 -121.9072 41.55322
353 -122.6228 41.74458
709 -122.3843 41.63184
913 -122.3842 41.43259
596 -121.8808 41.62341
1086 -121.8934 41.53712
346 -122.6253 41.74693
347 -122.6208 41.74562
708 -122.4124 41.63088
916 -122.3982 41.43854
1027 -122.379 41.41222
597 -121.8805 41.63008
1087 -121.8915 41.52162
345 -122.6191 41.76336
387 -122.631 41.72848
348 -122.5853 41.76627
707 -122.4219 41.63544
915 -122.419 41.44276
1028 -122.3749 41.40371
598 -121.8775 41.63526
1088 -121.8879 41.51423
344 -122.5939 41.78347
469 -122.6334 41.72018
349 -122.5801 41.77663
706 -122.4293 41.64286
914 -122.4271 41.44785
1029 -122.3177 41.31796
599 -121.8576 41.6419
1089 -121.8598 41.49236
343 -122.5906 41.78984
470 -122.633 41.71194
350 -122.5781 41.80448
705 -122.4402 41.64483
874 -122.4424 41.46908
1030 -122.3163 41.31587
600 -121.8396 41.65027
1090 -121.8574 41.48513
342 -122.5985 41.79906
516 -122.6242 41.69658
545 -122.6615 41.68934
351 -122.5706 41.81955
704 -122.4551 41.64981
873 -122.4518 41.48557
879 -122.4518 41.46791
1031 -122.3076 41.30437
601 -121.8328 41.64989
1091 -121.8578 41.48201
341 -122.5937 41.80344
517 -122.6166 41.68734
546 -122.6739 41.68433
352 -122.5714 41.84107
703 -122.4706 41.65177
872 -122.4653 41.51629
878 -122.4617 41.47635
1026 -122.3041 41.30217
602 -121.8225 41.64371
1092 -121.8589 41.47361
340 -122.5856 41.81877
518 -122.6009 41.67647
547 -122.6846 41.68377
39 -122.5681 41.85247
702 -122.4844 41.65565
871 -122.4678 41.53489
877 -122.4973 41.49516
1025 -122.2996 41.30661
1032 -122.2962 41.29726
603 -121.79 41.63809
1093 -121.8687 41.46284
339 -122.5834 41.82852
519 -122.5801 41.66769
548 -122.6902 41.6759
38 -122.5549 41.87907
81 -122.5816 41.84604
701 -122.521 41.65469
870 -122.469 41.54385
876 -122.5048 41.50051
1024 -122.3012 41.31136
1153 -122.2858 41.30111
1726 -122.2624 41.27705
604 -121.7878 41.63771
1094 -121.8982 41.44225
82 -122.5871 41.84161
520 -122.5414 41.65915
549 -122.6936 41.67572
37 -122.5521 41.89252
543 -122.5258 41.65156
869 -122.5031 41.62236
875 -122.5174 41.51775
1023 -122.3017 41.31269
1154 -122.2753 41.29979
1727 -122.2545 41.2669
605 -121.7727 41.637
1095 -121.9054 41.43366
98 -122.6118 41.84653
521 -122.5372 41.65684
550 -122.7122 41.68758
9 -122.5533 41.89524
542 -122.5302 41.65422
868 -122.5201 41.64809
821 -122.518 41.52161
1155 -122.2683 41.29693
1728 -122.2525 41.25507
606 -121.7703 41.64582
1096 -121.9071 41.42763
97 -122.6243 41.84588
522 -122.5359 41.65324
551 -122.7246 41.67591
10 -122.543 41.90308
36 -122.5605 41.9125
820 -122.5192 41.52964
1007 -122.5217 41.51867
1156 -122.2514 41.28447
1729 -122.2598 41.24371
607 -121.7472 41.65464
1097 -121.9051 41.42267
96 -122.6349 41.84097
817 -122.5335 41.64648
552 -122.7411 41.65324
11 -122.5469 41.91573
35 -122.5929 41.96381
819 -122.5248 41.5685
1006 -122.5343 41.51619
1157 -122.2219 41.27354
1730 -122.2766 41.22821
608 -121.7242 41.65474
1098 -121.8912 41.40887
95 -122.641 41.84065
818 -122.5239 41.63276
553 -122.742 41.64759
12 -122.5203 41.907
34 -122.5958 41.97384
1005 -122.5402 41.51291
1158 -122.2068 41.27909
1731 -122.2888 41.20354
609 -121.7074 41.66648
1099 -121.8904 41.39906
94 -122.6604 41.84798
554 -122.7428 41.64259
13 -122.504 41.90669
33 -122.6061 42.00923
1004 -122.5491 41.5035
1159 -122.1929 41.28
1732 -122.2973 41.19514
610 -121.6984 41.66895
1100 -121.8935 41.39273
93 -122.6719 41.85233
555 -122.7653 41.63107
14 -122.4721 41.91107
32 -122.6042 42.01291
1003 -122.5567 41.49731
1160 -122.1824 41.27753
1733 -122.3005 41.19195
611 -121.6923 41.66898
1101 -121.8991 41.38972
92 -122.6871 41.85956
556 -122.7814 41.62997
15 -122.4638 41.91492
1002 -122.5746 41.48268
1161 -122.1662 41.27763
1734 -122.3066 41.17079
612 -121.6764 41.66166
1102 -121.9094 41.38879
91 -122.7054 41.8751
557 -122.8072 41.63064
16 -122.4548 41.92387
1001 -122.5866 41.47724
1162 -122.145 41.2727
1735 -122.3192 41.16236
613 -121.6712 41.66166
1103 -121.9143 41.38512
90 -122.7116 41.87547
558 -122.8172 41.63285
17 -122.4405 41.94638
1000 -122.6124 41.47199
1163 -122.1342 41.2702
1736 -122.3414 41.11793
614 -121.6628 41.67486
1104 -121.9144 41.38457
89 -122.7189 41.87164
559 -122.8254 41.62828
18 -122.4405 41.95601
999 -122.6231 41.46822
1168 -122.1241 41.2633
1737 -122.3555 41.10897
615 -121.657 41.6785
1105 -121.9209 41.35801
88 -122.7288 41.87226
560 -122.8384 41.61304
19 -122.4448 41.96955
998 -122.6327 41.45992
1169 -122.1223 41.2621
1738 -122.3693 41.08516
616 -121.6204 41.68563
1106 -121.9247 41.32277
87 -122.746 41.86859
561 -122.854 41.62672
590 -122.8402 41.61096
20 -122.4424 41.97747
997 -122.635 41.45177
1170 -122.0798 41.26299
1739 -122.3716 41.08134
617 -121.6082 41.68593
1107 -121.9168 41.30411
86 -122.7647 41.86759
562 -122.8589 41.63356
591 -122.8392 41.60987
21 -122.4332 41.98436
996 -122.6302 41.43344
1171 -122.0221 41.26757
1740 -122.3887 41.06879
618 -121.5985 41.6797
1108 -121.9166 41.27633
85 -122.7861 41.87654
563 -122.8824 41.63527
861 -122.8562 41.59013
917 -122.8305 41.59566
22 -122.4247 41.98502
995 -122.632 41.42372
1172 -121.9607 41.26861
1741 -122.4269 41.0077
619 -121.5591 41.68369
1164 -121.8953 41.27943
1173 -121.9583 41.26904
84 -122.8048 41.87875
564 -122.9135 41.64961
862 -122.8983 41.5541
918 -122.8268 41.57637
23 -122.4128 41.98332
994 -122.6352 41.42172
1742 -122.4372 40.98815
620 -121.5533 41.6805
1165 -121.8473 41.27636
83 -122.8093 41.87772
565 -122.9232 41.64885
863 -122.9029 41.52587
919 -122.8203 41.56318
24 -122.4022 41.98821
993 -122.6473 41.42085
1743 -122.4406 40.97468
621 -121.546 41.68126
1166 -121.8339 41.27239
141 -122.8232 41.90689
203 -122.8168 41.87603
566 -122.9402 41.64125
864 -122.9017 41.49992
920 -122.8239 41.54647
25 -122.3905 41.98857
992 -122.6543 41.41721
1744 -122.4406 40.97343
622 -121.539 41.68546
1167 -121.8164 41.26423
142 -122.8317 41.91858
202 -122.8265 41.86817
567 -122.948 41.64198
865 -122.9016 41.49658
921 -122.8329 41.53864
26 -122.384 41.99165
991 -122.661 41.4137
1745 -122.4405 40.96323
623 -121.5369 41.69036
1214 -121.8098 41.27142
1567 -121.8006 41.25534
143 -122.8333 41.93203
201 -122.8354 41.85368
568 -122.9632 41.64732
866 -122.8924 41.48125
922 -122.8355 41.53048
27 -122.3766 41.98422
990 -122.6768 41.40025
1746 -122.4375 40.9533
624 -121.5379 41.69971
1215 -121.7862 41.28394
1568 -121.7845 41.22857
144 -122.8223 41.94846
200 -122.8431 41.85236
569 -122.9822 41.64942
867 -122.8927 41.47069
923 -122.8344 41.51654
28 -122.3723 41.98466
989 -122.7022 41.38514
1747 -122.4015 40.92717
625 -121.5294 41.70397
1216 -121.7728 41.29509
1569 -121.7747 41.2164
145 -122.8283 41.95341
199 -122.8656 41.85686
570 -122.9991 41.65129
934 -122.8753 41.46545
1109 -122.8946 41.45958
924 -122.8305 41.51056
29 -122.3525 42.00124
988 -122.711 41.36472
1748 -122.3845 40.91978
626 -121.5242 41.71223
1217 -121.7691 41.30648
1570 -121.7636 41.2137
146 -122.8524 41.95738
198 -122.8878 41.85726
571 -123.0139 41.65574
935 -122.8718 41.46679
1110 -122.9027 41.44835
925 -122.818 41.50138
30 -122.3451 42.01081
987 -122.716 41.3601
1749 -122.3779 40.91256
388 -121.5154 41.7261
1218 -121.7616 41.31942
1571 -121.7489 41.21229
147 -122.8674 41.96276
197 -122.9088 41.85542
572 -123.0459 41.65073
936 -122.8635 41.46036
1111 -122.9184 41.43716
926 -122.8185 41.49419
31 -122.3401 42.01723
986 -122.7373 41.35873
1750 -122.3749 40.89942
389 -121.521 41.73572
541 -121.5007 41.72168
1219 -121.7443 41.33554
1572 -121.7364 41.20758
148 -122.8787 41.9711
196 -122.9416 41.84834
573 -123.0745 41.64246
937 -122.8616 41.44051
1112 -122.9459 41.4377
927 -122.823 41.48322
985 -122.7407 41.35625
1751 -122.3712 40.89158
390 -121.5426 41.75382
540 -121.4876 41.71467
1220 -121.7372 41.33861
1573 -121.7094 41.19343
149 -122.8784 41.97776
195 -122.9618 41.84103
574 -123.0917 41.64034
938 -122.8509 41.41793
1113 -122.9568 41.43411
928 -122.8387 41.46883
984 -122.7443 41.34023
1752 -122.3617 40.88037
391 -121.5477 41.76025
539 -121.4705 41.71058
1221 -121.7114 41.33907
1574 -121.6956 41.18766
150 -122.8736 41.98491
194 -122.9883 41.8258
575 -123.1001 41.64079
939 -122.8413 41.41341
1114 -122.9806 41.41168
929 -122.8411 41.46205
983 -122.7477 41.33409
1753 -122.3531 40.87419
392 -121.5522 41.77908
538 -121.4407 41.69738
1222 -121.701 41.34113
1575 -121.6762 41.17955
151 -122.8748 41.98851
193 -122.992 41.82664
576 -123.1109 41.64476
933 -122.83 41.40348
1115 -122.9912 41.41109
930 -122.8305 41.44129
